0.94943226978081629586
0.34595248179446264070
0.32755461433934918158
0.31337701530553113694
0.29962076140729626550
0.28695650785684362338
0.27572485223607529070
0.26592012604042197799
0.25741614788259820079
0.25007536265130708708
0.24376496504537259469
0.23835151275804269955
0.23370200679841304781
0.22969044576826583293
0.22620426589475697843
0.22314789077759455971
0.22044318886804384339
0.21802781855647973552
0.21585261995105980981
0.21387889706849233518
0.21207602695946800586
0.21041953460382328833
0.20888961528259178402
0.20747002753626242466
0.20614727206665095505
0.20490998387874631570
0.20374848113263807625
0.20265442861521701379
0.20162058498885399027
0.20064061128181667759
0.19970892413237459340
0.19882058171735400576
0.19797119355513570493
0.19715684779296296925
0.19637405138525701465
0.19561967989479656094
0.19489093461389905837
0.19418530539471900997
0.19350053806497913289
0.19283460564215690325
0.19218568278767153568
0.19155212309512414937
0.19093243890692657150
0.19032528341870882937
0.18972943487255516937
0.18914378266627807079
0.18856731522173100779
0.18799910946383829868
0.18743832176560806801
0.18688418021425287630
0.18633597805074261777
0.18579306813069068616
0.18525485824963913717
0.18472080717197758570
0.18419042120158823916
0.18366325113560155735
0.18313888945208162129
0.18261696759938422785
0.18209715328005762758
0.18157914765528795908
0.18106268243580006527
0.18054751686938677602
0.18003343468058058408
0.17952024106038461104
0.17900775983933361890
0.17849583100156843352
0.17798430870801279502
0.17747305999105345009
0.17696196426052532291
0.17645091372165783161
0.17593981475151262983
0.17542859021398332642
0.17491718261847438720
0.17440555794892989572
0.17389370991425087687
0.17338166430577900412
0.17286948310058938838
0.17235726792884797920
0.17184516253595075175
0.17133335391910009537
0.17082207190245343731
0.17031158702888951617
0.16980220677868024248
0.16929427026130197675
0.16878814165051581053
0.16828420273060124002
0.16778284498325654606
0.16728446166557081609
0.16678944031031256445
0.16629815602540762298
0.16581096588719634877
0.16532820462044198195
0.16485018164640091731
0.16437717946855082141
0.16390945326439829155
0.16344723147143480624
0.16299071710410983904
0.16254008952101181573
0.16209550637648451055
0.16165710553270704053
0.16122500676725251556
0.16079931317648654687
0.16038011223709380815
0.15996747653944146106
0.15956146424361808411
0.15916211933101048759
0.15876947173267991209
0.15838353741325691959
0.15800431847884793823
0.15763180336263363235
0.15726596712512791454
0.15690677188955620691
0.15655416741796218671
0.15620809182137740390
0.15586847238809098393
0.15553522650778392467
0.15520826266581089214
0.15488748148081871170
0.15457277675969563480
0.15426403654604808890
0.15396114414151773619
0.15366397908286608120
0.15337241806152765444
0.15308633577600325171
0.15280560571084486621
0.15253010083897067251
0.15225969424656063400
0.15199425968183502555
0.15173367203059581754
0.15147780772257618542
0.15122654507343755159
0.15097976456772471687
0.15073734908832003843
0.15049918409794577068
0.15026515777813326258
0.15003516113082779326
0.14980908804747425367
0.14958683535005565246
0.14936830280816998373
0.14915339313582226533
0.14894201197122575175
0.14873406784252596324
0.14852947212201203508
0.14832813897105384671
0.14812998527770845913
0.14793493058866782897
0.14774289703698584297
0.14755380926680386477
0.14736759435611157532
0.14718418173841291141
0.14700350312402268860
0.14682549242159778635
0.14665008566039733351
0.14647722091367348929
0.14630683822351747692
0.14613887952741416720
0.14597328858670402529
0.14581001091710227291
0.14564899372137882216
0.14549018582427714064
0.14533353760971101654
0.14517900096026220558
0.14502652919897598971
0.14487607703344065890
0.14472760050211716520
0.14458105692288156230
0.14443640484372838317
0.14429360399557925043
0.14415261524713657293
0.14401340056171507698
0.14387592295598616854
0.14374014646056285094
0.14360603608235855688
0.14347355776864434418
0.14334267837274120017
0.14321336562126996128
0.14308558808289806308
0.14295931513851073413
0.14283451695274476667
0.14271116444681880564
0.14258922927260170299
0.14246868378785565445
0.14234950103260066157
0.14223165470654175468
0.14211511914750898922
0.14199986931085614716
0.14188588074977329101
0.14177312959646212742
0.14166159254413401847
0.14155124682978564854
0.14144207021771279531
0.14133404098372351343
0.14122713790001475975
0.14112134022067704398
0.14101662766779532454
0.14091298041811262109
0.14081037909023028099
0.14070880473231345276
0.14060823881027639803
0.14050866319642507651
0.14041006015852827704
0.14031241234929936468
0.14021570279626574540
0.14011991489200545380
0.14002503238473343328
0.13993103936921855168
0.13983792027801539293
0.13974565987299500391
0.13965424323715866506
0.13956365576672244422
0.13947388316345799009
0.13938491142727740812
0.13929672684905144986
0.13920931600364774838
0.13912266574318293832
0.13903676319047297838
0.13895159573267887310
0.13886715101513413817
0.13878341693534887447
0.13870038163718140245
0.13861803350517123978
0.13853636115902573378
0.13845535344825476987
0.13837499944694653387
0.13829528844868080317
0.13821620996157141237
0.13813775370343592264
0.13805990959708525079
0.13798266776573103742
0.13790601852850456477
0.13782995239608425431
0.13775446006642916297
0.13767953242061162222
0.13760516051874902010
0.13753133559603017422
0.13745804905883352021
0.13738529248093273027
0.13731305759979059444
0.13724133631293458646
0.13717012067441422540
0.13709940289133773494
0.13702917532048367044
0.13695943046498906814
0.13689016097110767722
0.13682135962504046733
0.13675301934983380425
0.13668513320234451647
0.13661769437027021512
0.13655069616924322973
0.13648413203998593923
0.13641799554552669349
0.13635228036847502064
0.13628698030835403876
0.13622208927898829534
0.13615760130594808941
0.13609351052404553006
0.13602981117488402441
0.13596649760445878030
0.13590356426080663077
0.13584100569170523554
0.13577881654242007770
0.13571699155349753463
0.13565552555860405093
0.13559441348240980352
0.13553365033851566546
0.13547323122742349621
0.13541315133454706610
0.13535340592826478057
0.13529399035801178974
0.13523490005241084466
0.13517613051744212238
0.13511767733464885577
0.13505953615938132151
0.13500170271907485642
0.13494417281156334543
0.13488694230342695990
0.13483000712837270307
0.13477336328564834544
0.13471700683848689128
0.13466093391258332490
0.13460514069460122188
0.13454962343070936415
0.13449437842514655461
0.13443940203881607487
0.13438469068790681593
0.13433024084254197028
0.13427604902545370313
0.13422211181068449681
0.13416842582231250369
0.13411498773320271183
0.13406179426378150854
0.13400884218083444765
0.13395612829632749796
0.13390364946625055165
0.13385140258948269310
0.13379938460667817335
0.13374759249917439474
0.13369602328791865831
0.13364467403241625520
0.13359354182969646052
0.13354262381329851106
0.13349191715227465282
0.13344141905021258965
0.13339112674427422434
0.13334103750425174706
0.13329114863164046034
0.13324145745872786883
0.13319196134769820117
0.13314265768975247495
0.13309354390424399384
0.13304461743782741712
0.13299587576362312258
0.13294731638039516963
0.13289893681174252960
0.13285073460530380518
0.13280270733197474531
0.13275485258513819442
0.13270716797990661506
0.13265965115237637884
0.13261229975889352040
0.13256511147533125983
0.13251808399637812763
0.13247121503483749727
0.13242450232093705420
0.13237794360164914509
0.13233153664002070271
0.13228527921451363469
0.13223916911835378873
0.13219320415889071474
0.13214738215696497647
0.13210170094628601034
0.13205615837281764469
0.13201075229417280621
0.13196548057901649753
0.13192034110647668510
0.13187533176556393011
0.13183045045459820810
0.13178569508064441607
0.13174106355895445764
0.13169655381241771042
0.13165216377101848777
0.13160789137130116111
0.13156373455584133292
0.13151969127272600257
0.13147575947503872817
0.13143193712035322607
0.13138822217023268801
0.13134461258973678666
0.13130110634693481497
0.13125770141242523725
0.13121439575886315043
0.13117118736049263039
0.13112807419268676656
0.13108505423149419133
0.13104212545319204875
0.13099928583384479186
0.13095653334887133457
0.13091386597261689406
0.13087128167793266043
0.13082877843576226629
0.13078635421473416844
0.13074400698076182881
0.13070173469665019583
0.13065953532170970774
0.13061740681137720688
0.13057534711684370965
0.13053335418469114160
0.13049142595653456800
0.13044956036867363935
0.13040775535175172517
0.13036600883042256949
0.13032431872302607800
0.13028268294127229310
0.13024109938993383428
0.13019956596654835845
0.13015808056112898594
0.13011664105588610640
0.13007524532495740033
0.13003389123414932360
0.12999257664068866736
0.12995129939298513677
0.12991005733040528192
0.12986884828305866879
0.12982767007159495831
0.12978652050701489085
0.12974539739049345544
0.12970429851321679804
0.12966322165623292428
0.12962216459031658533
0.12958112507584970685
0.12954010086271633417
0.12949908969021411975
0.12945808928698168683
0.12941709737094342358
0.12937611164927093066
0.12933512981836345346
0.12929414956384585600
0.12925316856058610693
0.12921218447273197238
0.12917119495376777616
0.12913019764659203203
0.12908919018361522668
0.12904817018687966823
0.12900713526820112298
0.12896608302933215695
0.12892501106214862561
0.12888391694885875660
0.12884279826223560272
0.12880165256587258749
0.12876047741446317030
0.12871927035410382634
0.12867802892262120151
0.12863675064992244335
0.12859543305837015104
0.12855407366318036266
0.12851266997284380156
0.12847121948957077042
0.12842971970975794460
0.12838816812447845228
0.12834656221999218850
0.12830489947827850017
0.12826317737758774484
0.12822139339301352745
0.12817954499708184013
0.12813762966035902036
0.12809564485207461382
0.12805358804075983592
0.12801145669489960577
0.12796924828359629300
0.12792696027724514973
0.12788459014821756954
0.12784213537155320051
0.12779959342565699876
0.12775696179300086164
0.12771423796082800872
0.12767141942185722403
0.12762850367498743132
0.12758548822599838357
0.12754237058824743900
0.12749914828336109118
0.12745581884191742317
0.12741237980412145614
0.12736882872046875748
0.12732516315239872373
0.12728138067293440217
0.12723747886730985002
0.12719345533358300537
0.12714930768323379207
0.12710503354174820800
0.12706063054918703692
0.12701609636073993292
0.12697142864726609912
0.12692662509582106067
0.12688168341017114216
0.12683660131129720350
0.12679137653788899454
0.12674600684683118290
0.12670049001368491326
0.12665482383316467585
0.12660900611961578566
0.12656303470749247220
0.12651690745184232534
0.12647062222879693061
0.12642417693607488349
0.12637756949349823743
0.12633079784352663211
0.12628385995181232171
0.12623675380777871213
0.12618947742522645949
0.12614202884296882301
0.12609440612550035232
0.12604660736370071339
0.12599863067557515173
0.12595047420703534002
0.12590213613272077664
0.12585361465686109583
0.12580490801418253710
0.12575601447085513196
0.12570693232548377227
0.12565765991013908009
0.12560819559142852309
0.12555853777160483342
0.12550868488970859382
0.12545863542274315883
0.12540838788687533323
0.12535794083865958726
0.12530729287627978552
0.12525644264080301737
0.12520538881743761839
0.12515413013679221876
0.12510266537612571569
0.12505099336058117521
0.12499911296439819575
0.12494702311209247847
0.12489472277959727531
0.12484221099535747213
0.12478948684136707825
0.12473654945414436312
0.12468339802563477292
0.12463003180403436909
0.12457645009452759932
0.12452265225993021380
0.12446863772123371861
0.12441440595804231783
0.12435995650890041553
0.12430528897150287804
0.12425040300278769601
0.12419529831890431526
0.12413997469505962112
0.12408443196523646912
0.12402867002178741274
0.12397268881490373926
0.12391648835195949452
0.12386006869673610309
0.12380342996852933268
0.12374657234114301574
0.12368949604177602308
0.12363220134980733300
0.12357468859548821627
0.12351695815854669969
0.12345901046671539647
0.12340084599419004485
0.12334246526002887179
0.12328386882650385625
0.12322505729741195513
0.12316603131636019719
0.12310679156503205600
0.12304733876144954841
0.12298767365823908004
0.12292779704091336135
0.12286770972618045461
0.12280741256028876451
0.12274690641741942132
0.12268619219813503562
0.12262527082789392852
0.12256414325563809442
0.12250281045246312617
0.12244127341037802648
0.12237953314115840309
0.12231759067530302565
0.12225544706109468807
0.12219310336377266213
0.12213056066481714490
0.12206782006135057095
0.12200488266565651108
0.12194174960481658776
0.12187842202046635098
0.12181490106866971201
0.12175118791990909017
0.12168728375919143914
0.12162318978626608657
0.12155890721595150050
0.12149443727856802655
0.12142978122047133616
0.12136494030468321370
0.12129991581161286840
0.12123470903986642566
0.12116932130713543858
0.12110375395116204644
0.12103800833077203725
0.12097208582697190071
0.12090598784410228062
0.12083971581104206716
0.12077327118245743953
0.12070665544008864212
0.12063987009406980377
0.12057291668427436160
0.12050579678168119035
0.12043851198975494277
0.12037106394583720059
0.12030345432253840288
0.12023568482913213340
0.12016775721293945778
0.12009967326070497551
0.12003143479995552478
0.11996304370033997189
0.11989450187494450628
0.11982581128158023565
0.11975697392403905628
0.11968799185331518986
0.11961886716878762649
0.11954960201936186415
0.11948019860456773888
0.11941065917560937659
0.11934098603636689173
0.11927118154434598885
0.11920124811157269129
0.11913118820543308618
0.11906100434945376954
0.11899069912402313043
0.11892027516704949119
0.11884973517455610370
0.11877908190121100329
0.11870831816078833421
0.11863744682656256202
0.11856647083163063261
0.11849539316916407605
0.11842421689258567086
0.11835294511567240328
0.11828158101258211266
0.11821012781780135259
0.11813858882601441236
0.11806696739189172229
0.11799526692979538101
0.11792349091340188771
0.11785164287523886006
0.11777972640613665334
0.11770774515459112020
0.11763570282603867667
0.11756360318204048254
0.11749145003937612464
0.11741924726904487408
0.11734699879517479504
0.11727470859383744284
0.11720238069176859563
0.11713001916499486688
0.11705762813736503292
0.11698521177898699164
0.11691277430456931130
0.11684031997166982597
0.11676785307884994525
0.11669537796373627425
0.11662289900099245821
0.11655042060019914218
0.11647794720364844367
0.11640548328405164735
0.11633303334216410496
0.11626060190433044894
0.11618819351995225697
0.11611581275888312181
0.11604346420875459589
0.11597115247223575840
0.11589888216423407941
0.11582665790903891312
0.11575448433741625243
0.11568236608365761731
0.11561030778259012708
0.11553831406655401537
0.11546638956235238949
0.11539453888818199112
0.11532276665054901066
0.11525107744117879527
0.11517947583392559863
0.11510796638168839523
0.11503655361334173823
0.11496524203068683723
0.11489403610543034995
0.11482294027619881216
0.11475195894559417353
0.11468109647729746170
0.11461035719322736071
0.11453974537076049012
0.11446926524001792280
0.11439892098122569908
0.11432871672215356995
0.11425865653563688218
0.11418874443718872447
0.11411898438270391687
0.11404938026626158798
0.11397993591802839386
0.11391065510226669466
0.11384154151545078371
0.11377259878449286212
0.11370383046508243663
0.11363524004013922375
0.11356683091838212785
0.11349860643301515339
0.11343056984053016822
0.11336272431962685081
0.11329507297025083468
0.11322761881274688578
0.11316036478712927782
0.11309331375246459150
0.11302646848636922761
0.11295983168461624924
0.11289340596085094270
0.11282719384641262672
0.11276119779025921275
0.11269542015899278176
0.11262986323698084834
0.11256452922657289584
0.11249942024840493826
0.11243453834179240047
0.11236988546520436383
0.11230546349681609641
0.11224127423513710622
0.11217731939970869426
0.11211360063186807945
0.11205011949557516782
0.11198687747829587369
0.11192387599194066061
0.11186111637385194595
0.11179859988783671931
0.11173632772524123846
0.11167430100606270948
0.11161252078009427369
0.11155098802810027581
0.11148970366301717838
0.11142866853117629200
0.11136788341354643406
0.11130734902699083999
0.11124706602553763313
0.11118703500165785791
0.11112725648755136798
0.11106773095643512894
0.11100845882383243712
0.11094944044886032031
0.11089067613551398250
0.11083216613394314409
0.11077391064172213697
0.11071590980510843949
0.11065816372029035897
0.11060067243462126663
0.11054343594783883065
0.11048645421326891425
0.11042972713901187676
0.11037325458911148579
0.11031703638470456708
0.11026107230515215518
0.11020536208914900878
0.11014990543581465454
0.11009470200576272625
0.11003975142214857119
0.10998505327169771917
0.10993060710571141148
0.10987641244105256222
0.10982246876110962619
0.10976877551674098232
0.10971533212719773720
0.10966213798102794619
0.10960919243695971259
0.10955649482476645384
0.10950404444611240573
0.10945184057538064060
0.10939988246048339138
0.10934816932365415409
0.10929670036222551011
0.10924547474938861580
0.10919449163493871735
0.10914375014600552483
0.10909324938776916725
0.10904298844416296377
0.10899296637856237258
0.10894318223446204652
0.10889363503614024609
0.10884432378931231666
0.10879524748177189786
0.10874640508402325101
0.10869779554990123549
0.10864941781718312486
0.10860127080818982037
0.10855335343037816886
0.10850566457692480127
0.10845820312730020119
0.10841096794783566803
0.10836395789228078779
0.10831717180235417297
0.10827060850828504335
0.10822426682934731257
0.10817814557438723555
0.10813224354234110547
0.10808655952274780210
0.10804109229625233346
0.10799584063510185572
0.10795080330363494847
0.10790597905876278539
0.10786136665044314398
0.10781696482214621347
0.10777277231131308921
0.10772878784980689792
0.10768501016435534645
0.10764143797698580429
0.10759807000545312805
0.10755490496365795183
0.10751194156205859387
0.10746917850807341521
0.10742661450647568444
0.10738424825978050425
0.10734207846862237057
0.10730010383212476577
0.10725832304826221630
0.10721673481421216401
0.10717533782669969034
0.10713413078233284537
0.10709311237793017746
0.10705228131083849297
0.10701163627924357991
0.10697117598247080084
0.10693089912127792807
0.10689080439813952728
0.10685089051752243161
0.10681115618615277807
0.10677160011327473110
0.10673222101090111547
0.10669301759405502850
0.10665398858100363921
0.10661513269348434074
0.10657644865692171565
0.10653793520063753464
0.10649959105805240078
0.10646141496687971939
0.10642340566931232648
0.10638556191220099878
0.10634788244722617745
0.10631036603106208682
0.10627301142553391422
0.10623581739776787047
0.10619878272033439481
0.10616190617138479557
0.10612518653478117403
0.10608862260022029755
0.10605221316335014525
0.10601595702588222092
0.10597985299569567808
0.10594389988693771187
0.10590809652011654030
0.10587244172219026361
0.10583693432664918743
0.10580157317359430158
0.10576635710980908378
0.10573128498882763959
0.10569635567099794349
0.10566156802353947330
0.10562692092059777771
0.10559241324329365908
0.10555804387976873426
0.10552381172522663777
0.10548971568197036686
0.10545575465943619886
0.10542192757422327865
0.10538823335012047211
0.10535467091812926455
0.10532123921648334219
0.10528793719066581458
0.10525476379342235678
0.10522171798477197857
0.10518879873201536501
0.10515600500973938669
0.10512333579982052756
0.10509079009142464900
0.10505836688100471388
0.10502606517229649830
0.10499388397631187475
0.10496182231133005525
0.10492987920288691928
0.10489805368376214911
0.10486634479396512998
0.10483475158071815792
0.10480327309843937011
0.10477190840872252497
0.10474065658031649073
0.10470951668910249976
0.10467848781807084779
0.10464756905729549752
0.10461675950390784962
0.10458605826206932021
0.10455546444294265551
0.10452497716466256639
0.10449459555230507235
0.10446431873785566591
0.10443414586017729651
0.10440407606497700832
0.10437410850477156499
0.10434424233885329636
0.10431447673325439096
0.10428481086071052231
0.10425524390062432256
0.10422577503902859253
0.10419640346854805446
0.10416712838836075794
0.10413794900416040168
0.10410886452811626834
0.10407987417883413084
0.10405097718131636753
0.10402217276692178605
0.10399346017332539160
0.10396483864447723933
0.10393630743056170296
0.10390786578795649375
0.10387951297919129079
0.10385124827290594107
0.10382307094380945067
0.10379498027263758808
0.10376697554611140351
0.10373905605689558163
0.10371122110355608659
0.10368346999051843149
0.10365580202802573972
0.10362821653209666750
0.10360071282448328478
0.10357329023262941414
0.10354594808962885866
0.10351868573418343544
0.10349150251056092598
0.10346439776855415049
0.10343737086343859910
0.10341042115593186701
0.10338354801215174361
0.10335675080357500932
0.10333002890699709286
0.10330338170449057666
0.10327680858336447944
0.10325030893612420491
0.10322388216043087983
0.10319752765906121950
0.10317124483986771233
0.10314503311573845756
0.10311889190455827969
0.10309282062916917677
0.10306681871733050504
0.10304088560168121746
0.10301502071970064511
0.10298922351367001404
0.10296349343063437853
0.10293782992236499840
0.10291223244532125836
0.10288670046061340613
0.10286123343396558205
0.10283583083567869598
0.10281049214059417851
0.10278521682805681625
0.10276000438187958552
0.10273485429030740357
0.10270976604598169857
0.10268473914590493801
0.10265977309140596196
0.10263486738810508048
0.10261002154587965662
0.10258523507883009207
0.10256050750524574322
0.10253583834757169779
0.10251122713237507955
0.10248667339031224122
0.10246217665609617942
0.10243773646846376923
0.10241335237014406734
0.10238902390782568530
0.10236475063212610581
0.10234053209755973601
0.10231636786250707105
0.10229225748918419070
0.10226820054361178414
0.10224419659558542373
0.10222024521864545021
0.10219634599004735753
0.10217249849073255230
0.10214870230529894679
0.10212495702197282865
0.10210126223257938449
0.10207761753251520798
0.10205402252071983649
0.10203047679964828698
0.10200697997524350857
0.10198353165690882127
0.10196013145748172857
0.10193677899320613411
0.10191347388370683436
0.10189021575196295644
0.10186700422428156265
0.10184383893027287860
0.10182071950282395312
0.10179764557807362280
0.10177461679538783723
0.10175163279733448474
0.10172869322965903682
0.10170579774126004002
0.10168294598416545427
0.10166013761350821409
0.10163737228750260866
0.10161464966742143889
0.10159196941757210608
0.10156933120527357473
0.10154673470083397380
0.10152417957752729594
0.10150166551157184525
0.10147919218210696424
0.10145675927117155102
0.10143436646368177156
0.10141201344740999324
0.10138969991296219175
0.10136742555375728714
0.10134519006600603563
0.10132299314868922768
0.10130083450353725982
0.10127871383500948455
0.10125663085027317156
0.10123458525918345441
0.10121257677426263866
0.10119060511068013464
0.10116866998623263996
0.10114677112132360037
0.10112490823894410008
0.10110308106465239197
0.10108128932655520427
0.10105953275528718749
0.10103781108399262356
0.10101612404830533076
0.10099447138632990095
0.10097285283862257599
0.10095126814817186045
0.10092971706038011970
0.10090819932304448403
0.10088671468633825246
0.10086526290279182461
0.10084384372727453472
0.10082245691697565293
0.10080110223138631642
0.10077977943228071112
0.10075848828369780852
0.10073722855192296377
0.10071600000546988840
0.10069480241506181817
0.10067363555361362459
0.10065249919621363506
0.10063139312010534188
0.10061031710466915301
0.10058927093140448972
0.10056825438391102379
0.10054726724787158010
0.10052630931103324896
0.10050538036318899804
0.10048448019616097737
0.10046360860378039659
0.10044276538187084380
0.10042195032822982814
0.10040116324261048886
0.10038040392670317946
0.10035967218411771806
0.10033896782036487438
0.10031829064283842579
0.10029764046079610307
0.10027701708534263181
0.10025642032940992876
0.10023585000773965747
0.10021530593686421573
0.10019478793508876380
0.10017429582247261433
0.10015382942081015039
0.10013338855361274271
0.10011297304608977876
0.10009258272513020527
0.10007221741928321035
0.10005187695874012688
0.10003156117531476765
0.10001126990242498183
0.09999100297507314272
0.09997076022982748222
0.09995054150480255084
0.09993034663964033004
0.09991017547549034539
0.09989002785499095927
0.09986990362224928974
0.09984980262282212859
0.09982972470369591567
0.09980966971326755977
0.09978963750132387178
0.09976962791902276029
0.09974964081887273404
0.09972967605471255714
0.09970973348169173689
0.09968981295625052585
0.09966991433609916073
0.09965003748019780894
0.09963018224873647355
0.09961034850311403788
0.09959053610591837857
0.09957074492090527140
0.09955097481297803252
0.09953122564816686835
0.09951149729360815599
0.09949178961752304373
0.09947210248919750863
0.09945243577896084597
0.09943278935816471376
0.09941316309916242711
0.09939355687528729499
0.09937397056083228930
0.09935440403102833995
0.09933485716202314353
0.09931532983086023558
0.09929582191545753556
0.09927633329458625255
0.09925686384784934702
0.09923741345566039485
0.09921798199922235439
0.09919856936050604201
0.09917917542222903782
0.09915980006783417511
0.09914044318146855717
0.09912110464796203280
0.09910178435280597720
0.09908248218213223935
0.09906319802269185348
0.09904393176183418079
0.09902468328748544046
0.09900545248812799015
0.09898623925277920399
0.09896704347097108612
0.09894786503272896827
0.09892870382855110944
0.09890955974938825390
0.09889043268662291164
0.09887132253204901355
0.09885222917785223273
0.09883315251658923717
0.09881409244116838575
0.09879504884482925853
0.09877602162112432416
0.09875701066389765137
0.09873801586726782542
0.09871903712560745059
0.09870007433352469273
0.09868112738584501609
0.09866219617759287852
0.09864328060397285769
0.09862438056035298384
0.09860549594224581049
0.09858662664529253827
0.09856777256524493214
0.09854893359794890395
0.09853010963932848365
0.09851130058536912426
0.09849250633210238082
0.09847372677559049214
0.09845496181191105978
0.09843621133714290650
0.09841747524735099117
0.09839875343857343304
0.09838004580680714817
0.09836135224799570642
0.09834267265801580060
0.09832400693266549196
0.09830535496765256676
0.09828671665858304540
0.09826809190095051050
0.09824948059012551804
0.09823088262134620219
0.09821229788970863017
0.09819372629015803156
0.09817516771748066584
0.09815662206629600928
0.09813808923104970494
0.09811956910600667936
0.09810106158524550812
0.09808256656265207374
0.09806408393191615169
0.09804561358652542913
0.09802715541976307623
0.09800870932470398533
0.09799027519421257826
0.09797185292094098830
0.09795344239732751979
0.09793504351559648158
0.09791665616775796499
0.09789828024560863484
0.09787991564073304784
0.09786156224450570651
0.09784321994809387635
0.09782488864246026428
0.09780656821836807013
0.09778825856638463654
0.09776995957688709715
0.09775167114006867719
0.09773339314594499394
0.09771512548436132872
0.09769686804500062050
0.09767862071739222274
0.09766038339092124321
0.09764215595483806409
0.09762393829826940261
0.09760573031022909407
0.09758753187963001285
0.09756934289529745064
0.09755116324598038513
0.09753299282036706486
0.09751483150709797099
0.09749667919478165190
0.09747853577200968345
0.09746040112737283656
0.09744227514947803592
0.09742415772696490228
0.09740604874852433481
0.09738794810291570569
0.09736985567898658045
0.09735177136569145295
0.09733369505211164618
0.09731562662747526848
0.09729756598117808575
0.09727951300280439362
0.09726146758214868071
0.09724342960923706980
0.09722539897435032719
0.09720737556804510959
0.09718935928117833356
0.09717135000492940766
0.09715334763082379699
0.09713535205075703172
0.09711736315701866018
0.09709938084231629907
0.09708140499980001670
0.09706343552308700773
0.09704547230628611520
0.09702751524402299099
0.09700956423146454843
0.09699161916434423381
0.09697367993898717287
0.09695574645233495659
0.09693781860197064892
0.09691989628614441910
0.09690197940379770281
0.09688406785458862636
0.09686616153891659808
0.09684826035794709409
0.09683036421363611090
0.09681247300875443773
0.09679458664691170666
0.09677670503258076207
0.09675882807112068384
0.09674095566880058783
0.09672308773282276007
0.09670522417134463922
0.09668736489350272800
0.09666950980943266047
0.09665165883029296079
0.09663381186828462477
0.09661596883667268598
0.09659812964980654670
0.09658029422313990642
0.09656246247324988541
0.09654463431785600958
0.09652680967583890381
0.09650898846725791680
0.09649117061336801027
0.09647335603663717563
0.09645554466076226852
0.09643773641068383029
0.09641993121260222788
0.09640212899399085156
0.09638432968361035358
0.09636653321152131857
0.09634873950909667029
0.09633094850903324569
0.09631316014536275838
0.09629537435346215146
0.09627759107006340911
0.09625981023326166119
0.09624203178252419000
0.09622425565869711928
0.09620648180401336624
0.09618871016209717961
0.09617094067797044010
0.09615317329805735114
0.09613540797018749196
0.09611764464359996707
0.09609988326894523814
0.09608212379828713623
0.09606436618510399983
0.09604661038428854991
0.09602885635214818139
0.09601110404640372797
0.09599335342618749156
0.09597560445204113277
0.09595785708591235419
0.09594011129115155578
0.09592236703250693608
0.09590462427612013452
0.09588688298951988931
0.09586914314161627815
0.09585140470269362667
0.09583366764440294505
0.09581593193975415645
0.09579819756310717360
0.09578046449016291986
0.09576273269795350374
0.09574500216483186610
0.09572727287046096933
0.09570954479580280616
0.09569181792310654799
0.09567409223589587453
0.09565636771895688617
0.09563864435832467037
0.09562092214126935441
0.09560320105628311582
0.09558548109306506946
0.09556776224250640439
0.09555004449667608979
0.09553232784880466566
0.09551461229326883851
0.09549689782557529982
0.09547918444234466950
0.09546147214129445391
0.09544376092122247579
0.09542605078198965196
0.09540834172450232686
0.09539063375069550821
0.09537292686351414583
0.09535522106689593713
0.09533751636575288346
0.09531981276595308250
0.09530211027430265935
0.09528440889852697604
0.09526670864725196586
0.09524900952998596737
0.09523131155710053142
0.09521361473981179713
0.09519591909016172915
0.09517822462099904957
0.09516053134596066942
0.09514283927945274555
0.09512514843663173736
0.09510745883338535267
0.09508977048631425677
0.09507208341271317087
0.09505439763055159585
0.09503671315845609036
0.09501903001569109164
0.09500134822214091612
0.09498366779829091333
0.09496598876520949417
0.09494831114453036736
0.09493063495843354072
0.09491296022962879275
0.09489528698133681273
0.09487761523727228363
0.09485994502162620190
0.09484227635904905751
0.09482460927463302880
0.09480694379389578708
0.09478927994276363511
0.09477161774755460399
0.09475395723496284062
0.09473629843204198209
0.09471864136618940444
0.09470098606513042971
0.09468333255690318528
0.09466568086984292196
0.09464803103256726191
0.09463038307396151594
0.09461273702316337630
0.09459509290954956628
0.09457745076272093543
0.09455981061248908137
0.09454217248886216673
0.09452453642203210993
0.09450690244236094328
0.09448927058036783733
0.09447164086671683281
0.09445401333220417028
0.09443638800774543929
0.09441876492436476753
0.09440114411318224763
0.09438352560540250180
0.09436590943230356576
0.09434829562522564772
0.09433068421556102534
0.09431307523474219412
0.09429546871423273580
0.09427786468551639654
0.09426026318008789984
0.09424266422944270472
0.09422506786506754106
0.09420747411843208297
0.09418988302097913712
0.09417229460411558062
0.09415470889920511677
0.09413712593755865776
0.09411954575042677518
0.09410196836899180350
0.09408439382436029064
0.09406682214755460181
0.09404925336950696602
0.09403168752105113548
0.09401412463291644594
0.09399656473572029491
0.09397900785996238238
0.09396145403601761925
0.09394390329413050689
0.09392635566440876715
0.09390881117681801338
0.09389126986117528328
0.09387373174714476465
0.09385619686423138375
0.09383866524177614243
0.09382113690895139968
0.09380361189475515393
0.09378609022800750428
0.09376857193734525198
0.09375105705121780653
0.09373354559788334150
0.09371603760540379857
0.09369853310164158455
0.09368103211425593546
0.09366353467069830907
0.09364604079820962323
0.09362855052381663379
0.09361106387432827081
0.09359358087633259937
0.09357610155619408565
0.09355862594004983601
0.09354115405380729331
0.09352368592314141971
0.09350622157349161578
0.09348876103005931970
0.09347130431780598103
0.09345385146144991051
0.09343640248546423999
0.09341895741407527098
0.09340151627125929668
0.09338407908074118635
0.09336664586599263682
0.09334921665022957726
0.09333179145641089247
0.09331437030723647996
0.09329695322514555689
0.09327954023231498082
0.09326213135065797299
0.09324472660182224482
0.09322732600718884599
0.09320992958787073512
0.09319253736471137806
0.09317514935828367928
0.09315776558888859415
0.09314038607655410196
0.09312301084103397075
0.09310563990180668881
0.09308827327807471519
0.09307091098876342505
0.09305355305251969411
0.09303619948771198189
0.09301885031242838886
0.09300150554447671192
0.09298416520138326480
0.09296682930039211479
0.09294949785846459700
0.09293217089227864824
0.09291484841822794660
0.09289753045242118978
0.09288021701068202574
0.09286290810854824773
0.09284560376127107273
0.09282830398381468340
0.09281100879085608935
0.09279371819678437772
0.09277643221570029686
0.09275915086141610366
0.09274187414745470315
0.09272460208704964846
0.09270733469314480779
0.09269007197839380929
0.09267281395515997167
0.09265556063551576294
0.09263831203124266167
0.09262106815383104597
0.09260382901447972159
0.09258659462409549179
0.09256936499329379564
0.09255214013239750070
0.09253492005143727772
0.09251770476015133693
0.09250049426798527541
0.09248328858409188280
0.09246608771733123844
0.09244889167627001747
0.09243170046918208760
0.09241451410404821765
0.09239733258855555020
0.09238015593009833715
0.09236298413577707922
0.09234581721239906726
0.09232865516647811854
0.09231149800423447960
0.09229434573159527033
0.09227719835419397054
0.09226005587737054481
0.09224291830617180332
0.09222578564535142964
0.09220865789936939783
0.09219153507239273571
0.09217441716829570530
0.09215730419065920609
0.09214019614277148273
0.09212309302762795860
0.09210599484793188796
0.09208890160609355113
0.09207181330423143406
0.09205472994417192301
0.09203765152744952660
0.09202057805530713952
0.09200350952869638943
0.09198644594827787291
0.09196938731442126647
0.09195233362720545145
0.09193528488641956875
0.09191824109156253308
0.09190120224184360198
0.09188416833618305579
0.09186713937321219769
0.09185011535127371451
0.09183309626842244000
0.09181608212242559075
0.09179907291076321030
0.09178206863062826626
0.09176506927892806587
0.09174807485228389514
0.09173108534703168504
0.09171410075922310778
0.09169712108462549360
0.09168014631872294096
0.09166317645671626102
0.09164621149352458751
0.09162925142378500198
0.09161229624185394937
0.09159534594180782086
0.09157840051744325915
0.09156145996227825490
0.09154452426955302091
0.09152759343223071387
0.09151066744299792000
0.09149374629426587635
0.09147682997817133121
0.09145991848657741841
0.09144301181107430954
0.09142610994298054627
0.09140921287334376200
0.09139232059294176425
0.09137543309228382538
0.09135855036161107112
0.09134167239089847901
0.09132479916985500323
0.09130793068792561473
0.09129106693429182851
0.09127420789787311917
0.09125735356732853076
0.09124050393105685719
0.09122365897719927896
0.09120681869363968242
0.09118998306800615850
0.09117315208767308443
0.09115632573976127639
0.09113950401114054300
0.09112268688843037923
0.09110587435800188150
0.09108906640597910775
0.09107226301824049297
0.09105546418042047285
0.09103866987791131571
0.09102188009586424655
0.09100509481919158428
0.09098831403256812944
0.09097153772043298225
0.09095476586699094423
0.09093799845621496070
0.09092123547184705057
0.09090447689740095705
0.09088772271616335496
0.09087097291119584919
0.09085422746533691751
0.09083748636120420050
0.09082074958119581987
0.09080401710749255728
0.09078728892206015810
0.09077056500665098282
0.09075384534280576954
0.09073712991185693688
0.09072041869492912525
0.09070371167294244419
0.09068700882661399898
0.09067031013646016657
0.09065361558279919074
0.09063692514575281967
0.09062023880524892883
0.09060355654102375533
0.09058687833262363265
0.09057020415940822411
0.09055353400055211888
0.09053686783504742708
0.09052020564170619454
0.09050354739916258162
0.09048689308587537505
0.09047024268013080517
0.09045359616004405856
0.09043695350356253937
0.09042031468846811748
0.09040367969237948775
0.09038704849275507047
0.09037042106689449628
0.09035379739194292215
0.09033717744489171142
0.09032056120258212528
0.09030394864170761260
0.09028733973881659935
0.09027073447031450093
0.09025413281246708053
0.09023753474140248920
0.09022094023311452715
0.09020434926346461435
0.09018776180818481591
0.09017117784288060378
0.09015459734303332695
0.09013802028400291766
0.09012144664103083347
0.09010487638924248588
0.09008830950364997425
0.09007174595915477811
0.09005518573055108777
0.09003862879252749751
0.09002207511967065534
0.09000552468646701165
0.08998897746730698255
0.08997243343648628211
0.08995589256820944735
0.08993935483659236396
0.08992282021566522232
0.08990628867937469626
0.08988976020158760682
0.08987323475609267087
0.08985671231660398439
0.08984019285676354827
0.08982367635014368301
0.08980716277025059535
0.08979065209052596030
0.08977414428435061267
0.08975763932504689235
0.08974113718588158650
0.08972463784006810827
0.08970814126077010509
0.08969164742110291577
0.08967515629413778944
0.08965866785290324548
0.08964218207038864017
0.08962569891954626222
0.08960921837329430262
0.08959274040451963017
0.08957626498608013688
0.08955979209080755510
0.08954332169151021925
0.08952685376097520298
0.08951038827197156655
0.08949392519725239692
0.08947746450955772202
0.08946100618161707818
0.08944455018615198039
0.08942809649587847576
0.08941164508350954443
0.08939519592175781959
0.08937874898333854345
0.08936230424097045544
0.08934586166738074653
0.08932942123530485112
0.08931298291749127649
0.08929654668670208850
0.08928011251571686679
0.08926368037733392602
0.08924725024437343834
0.08923082208967982043
0.08921439588612335714
0.08919797160660331015
0.08918154922404973595
0.08916512871142626140
0.08914871004173179070
0.08913229318800333645
0.08911587812331764336
0.08909946482079414420
0.08908305325359655580
0.08906664339493522431
0.08905023521806960940
0.08903382869631007446
0.08901742380302006541
0.08900102051161831729
0.08898461879558101917
0.08896821862844356277
0.08895181998380298494
0.08893542283531981341
0.08891902715672010682
0.08890263292179731436
0.08888624010441442680
0.08886984867850596104
0.08885345861807956991
0.08883706989721847080
0.08882068249008288896
0.08880429637091205586
0.08878791151402581905
0.08877152789382740383
0.08875514548480382959
0.08873876426152904617
0.08872238419866465553
0.08870600527096199339
0.08868962745326418318
0.08867325072050767643
0.08865687504772346017
0.08864050041003941616
0.08862412678268158372
0.08860775414097565861
0.08859138246034901909
0.08857501171633187786
0.08855864188455914165
0.08854227294077191002
0.08852590486081861332
0.08850953762065710828
0.08849317119635559392
0.08847680556409462382
0.08846044070016782779
0.08844407658098435432
0.08842771318306907880
0.08841135048306478228
0.08839498845773333113
0.08837862708395680111
0.08836226633873905945
0.08834590619920688892
0.08832954664261144506
0.08831318764632926921
0.08829682918786362078
0.08828047124484565689
0.08826411379503575072
0.08824775681632493485
0.08823140028673497059
0.08821504418442101259
0.08819868848767135894
0.08818233317490974110
0.08816597822469507406
0.08814962361572391270
0.08813326932683063220
0.08811691533698848278
0.08810056162531088031
0.08808420817105254430
0.08806785495360991423
0.08805150195252235690
0.08803514914747348485
0.08801879651829155882
0.08800244404495036199
0.08798609170757061559
0.08796973948642056174
0.08795338736191632423
0.08793703531462367107
0.08792068332525795893
0.08790433137468561808
0.08788797944392434669
0.08787162751414449857
0.08785527556666927751
0.08783892358297548664
0.08782257154469477745
0.08780621943361373305
0.08778986723167506168
0.08777351492097791585
0.08775716248377839201
0.08774080990249101542
0.08772445715968803237
0.08770810423810124212
0.08769175112062202460
0.08767539779030190938
0.08765904423035311699
0.08764269042414923883
0.08762633635522604214
0.08760998200728101204
0.08759362736417500295
0.08757727240993203044
0.08756091712873985411
0.08754456150495085187
0.08752820552308178403
0.08751184916781459822
0.08749549242399702609
0.08747913527664229194
0.08746277771093076414
0.08744641971220858123
0.08743006126598973360
0.08741370235795542509
0.08739734297395437834
0.08738098310000379232
0.08736462272228912029
0.08734826182716444454
0.08733190040115290653
0.08731553843094698453
0.08729917590340864619
0.08728281280556943189
0.08726644912463148163
0.08725008484796625829
0.08723371996311650445
0.08721735445779507656
0.08720098831988615240
0.08718462153744453713
0.08716825409869627395
0.08715188599203887998
0.08713551720604138795
0.08711914772944417962
0.08710277755115969356
0.08708640666027209210
0.08707003504603749722
0.08705366269788407385
0.08703728960541211312
0.08702091575839446258
0.08700454114677515227
0.08698816576067212869
0.08697178959037428492
0.08695541262634359780
0.08693903485921433694
0.08692265627979323117
0.08690627687905921883
0.08688989664816382241
0.08687351557843107919
0.08685713366135708324
0.08684075088861041569
0.08682436725203220018
0.08680798274363529798
0.08679159735560534883
0.08677521108029941088
0.08675882391024727913
0.08674243583815026415
0.08672604685688153903
0.08670965695948622265
0.08669326613918103275
0.08667687438935399447
0.08666048170356477343
0.08664408807554416225
0.08662769349919424711
0.08661129796858788032
0.08659490147796884696
0.08657850402175140681
0.08656210559452046094
0.08654570619103141293
0.08652930580620912804
0.08651290443514914053
0.08649650207311644634
0.08648009871554489247
0.08646369435803887005
0.08644728899637099673
0.08643088262648275510
0.08641447524448457596
0.08639806684665526926
0.08638165742944162173
0.08636524698945803602
0.08634883552348737723
0.08633242302847909944
0.08631600950154992569
0.08629959493998380637
0.08628317934123073962
0.08626676270290739579
0.08625034502279611826
0.08623392629884503446
0.08621750652916777835
0.08620108571204271319
0.08618466384591347285
0.08616824092938775437
0.08615181696123747068
0.08613539194039836200
0.08611896586596962111
0.08610253873721382400
0.08608611055355575026
0.08606968131458321569
0.08605325102004582338
0.08603681966985501917
0.08602038726408352265
0.08600395380296552150
0.08598751928689521429
0.08597108371642758762
0.08595464709227725042
0.08593820941531876700
0.08592177068658546357
0.08590533090726946985
0.08588889007872167747
0.08587244820245054644
0.08585600528012242438
0.08583956131356074160
0.08582311630474570574
0.08580667025581410756
0.08579022316905857148
0.08577377504692745847
0.08575732589202385292
0.08574087570710650641
0.08572442449508733964
0.08570797225903313554
0.08569151900216358253
0.08567506472785189897
0.08565860943962334828
0.08564215314115589117
0.08562569583627896441
0.08560923752897332817
0.08559277822337087172
0.08557631792375357260
0.08555985663455352441
0.08554339436035245103
0.08552693110588094338
0.08551046687601850105
0.08549400167579251919
0.08547753551037817754
0.08546106838509799630
0.08544460030542125328
0.08542813127696359532
0.08541166130548649704
0.08539519039689665025
0.08537871855724597780
0.08536224579273063440
0.08534577210969086780
0.08532929751461038048
0.08531282201411594102
0.08529634561497689837
0.08527986832410461293
0.08526339014855188747
0.08524691109551305046
0.08523043117232258215
0.08521395038645543374
0.08519746874552584781
0.08518098625728774687
0.08516450292963348434
0.08514801877059312296
0.08513153378833517027
0.08511504799116491327
0.08509856138752439070
0.08508207398599174076
0.08506558579528092356
0.08504909682424106887
0.08503260708185590711
0.08501611657724360283
0.08499962531965564450
0.08498313331847701102
0.08496664058322510316
0.08495014712354957698
0.08493365294923188591
0.08491715807018443418
0.08490066249645038254
0.08488416623820281559
0.08486766930574468626
0.08485117170950756682
0.08483467346005239829
0.08481817456806721445
0.08480167504436844639
0.08478517489989899347
0.08476867414572818171
0.08475217279305147233
0.08473567085319021197
0.08471916833758964815
0.08470266525782028932
0.08468616162557625338
0.08466965745267457377
0.08465315275105568527
0.08463664753278188346
0.08462014181003725544
0.08460363559512708298
0.08458712890047730137
0.08457062173863412469
0.08455411412226301882
0.08453760606414859047
0.08452109757719405980
0.08450458867442023347
0.08448807936896596260
0.08447156967408617212
0.08445505960315262406
0.08443854916965243262
0.08442203838718817521
0.08440552726947696260
0.08438901583035000875
0.08437250408375195077
0.08435599204374044646
0.08433947972448575803
0.08432296714026923934
0.08430645430548457109
0.08428994123463529053
0.08427342794233529111
0.08425691444330818403
0.08424040075238634073
0.08422388688451079575
0.08420737285473024747
0.08419085867820023938
0.08417434437018399274
0.08415782994604967260
0.08414131542127162300
0.08412480081142899302
0.08410828613220500127
0.08409177139938667223
0.08407525662886441986
0.08405874183663075705
0.08404222703878017064
0.08402571225150905210
0.08400919749111368517
0.08399268277399081495
0.08397616811663664860
0.08395965353564639744
0.08394313904771329160
0.08392662466962837187
0.08391011041827928230
0.08389359631065049228
0.08387708236382214466
0.08386056859496929250
0.08384405502136162147
0.08382754166036260335
0.08381102852942892700
0.08379451564610962411
0.08377800302804605526
0.08376149069297014749
0.08374497865870525470
0.08372846694316425642
0.08371195556434883611
0.08369544454035002246
0.08367893388934616317
0.08366242362960338297
0.08364591377947415418
0.08362940435739649181
0.08361289538189420334
0.08359638687157519565
0.08357987884513129462
0.08356337132133748180
0.08354686431905115895
0.08353035785721137085
0.08351385195483801427
0.08349734663103183796
0.08348084190497238877
0.08346433779591863611
0.08344783432320718175
0.08343133150625256511
0.08341482936454541752
0.08339832791765240672
0.08338182718521565395
0.08336532718695119359
0.08334882794264913963
0.08333232947217213138
0.08331583179545511142
0.08329933493250450682
0.08328283890339682749
0.08326634372827865227
0.08324984942736564364
0.08323335602094147911
0.08321686352935725450
0.08320037197303069287
0.08318388137244567271
0.08316739174815022950
0.08315090312075726353
0.08313441551094256921
0.08311792893944500160
0.08310144342706413112
0.08308495899466154799
0.08306847566315769815
0.08305199345353318774
0.08303551238682572999
0.08301903248413161629
0.08300255376660274631
0.08298607625544726640
0.08296959997192777936
0.08295312493736088644
0.08293665117311604940
0.08292017870061499374
0.08290370754133052911
0.08288723771678573049
0.08287076924855325821
0.08285430215825366485
0.08283783646755540908
0.08282137219817346796
0.08280490937186822664
0.08278844801044528412
0.08277198813575306624
0.08275552976968322816
0.08273907293416926656
0.08272261765118527066
0.08270616394274518668
0.08268971183090170762
0.08267326133774598185
0.08265681248540451831
0.08264036529604110171
0.08262391979185358670
0.08260747599507364813
0.08259103392796576792
0.08257459361282631916
0.08255815507198156766
0.08254171832778843532
0.08252528340263147466
0.08250885031892324362
0.08249241909910261239
0.08247598976563354223
0.08245956234100421112
0.08244313684772641704
0.08242671330833320487
0.08241029174537939372
0.08239387218143903735
0.08237745463910496613
0.08236103914098794054
0.08234462570971452788
0.08232821436792704672
0.08231180513828185996
0.08229539804344815357
0.08227899310610713168
0.08226259034895029576
0.08224618979467900048
0.08222979146600281619
0.08221339538563787741
0.08219700157630720205
0.08218061006073727748
0.08216422086165925398
0.08214783400180541983
0.08213144950390986743
0.08211506739070606464
0.08209868768492610547
0.08208231040929953037
0.08206593558655154996
0.08204956323940262863
0.08203319339056634740
0.08201682606274841858
0.08200046127864601964
0.08198409906094535071
0.08196773943232146808
0.08195138241543624413
0.08193502803293720160
0.08191867630745615358
0.08190232726160867616
0.08188598091799159651
0.08186963729918196597
0.08185329642773617187
0.08183695832618853583
0.08182062301704939866
0.08180429052280434321
0.08178796086591262615
0.08177163406880536001
0.08175531015388501355
0.08173898914352344114
0.08172267106006012027
0.08170635592580208217
0.08169004376302083092
0.08167373459395238511
0.08165742844079493246
0.08164112532570744207
0.08162482527080895667
0.08160852829817646925
0.08159223442984389618
0.08157594368779985672
0.08155965609398763139
0.08154337167030223377
0.08152709043858981375
0.08151081242064629750
0.08149453763821470909
0.08147826611298564226
0.08146199786659383268
0.08144573292061815795
0.08142947129657904237
0.08141321301593790194
0.08139695810009500709
0.08138070657038785904
0.08136445844809056527
0.08134821375441150804
0.08133197251049151255
0.08131573473740409674
0.08129950045615159937
0.08128326968766531879
0.08126704245280347294
0.08125081877234949235
0.08123459866701049359
0.08121838215741640499
0.08120216926411739922
0.08118596000758310227
0.08116975440820063670
0.08115355248627331708
0.08113735426201927614
0.08112115975556921654
0.08110496898696527290
0.08108878197616005423
0.08107259874301372959
0.08105641930729381994
0.08104024368867278338
0.08102407190672693271
0.08100790398093443700
0.08099173993067380894
0.08097557977522305828
0.08095942353375737421
0.08094327122534740460
0.08092712286895885343
0.08091097848344910859
0.08089483808756746386
0.08087870169995259317
0.08086256933913121836
0.08084644102351608297
0.08083031677140561921
0.08081419660098093649
0.08079808053030543280
0.08078196857732229674
0.08076586075985384139
0.08074975709559904791
0.08073365760213299658
0.08071756229690441042
0.08070147119723496132
0.08068538432031688301
0.08066930168321248540
0.08065322330285122632
0.08063714919602944786
0.08062107937940883595
0.08060501386951333946
0.08058895268273018331
0.08057289583530592714
0.08055684334334670127
0.08054079522281576420
0.08052475148953228135
0.08050871215917028423
0.08049267724725639450
0.08047664676916897741
0.08046062074013675403
0.08044459917523688608
0.08042858208939386577
0.08041256949737808635
0.08039656141380428778
0.08038055785313030777
0.08036455882965544417
0.08034856435751973336
0.08033257445070175751
0.08031658912301765929
0.08030060838811975410
0.08028463225949543369
0.08026866075046532045
0.08025269387418290656
0.08023673164363195887
0.08022077407162617191
0.08020482117080762752
0.08018887295364561518
0.08017292943243566061
0.08015699061929723590
0.08014105652617393993
0.08012512716483169428
0.08010920254685709174
0.08009328268365722980
0.08007736758645807307
0.08006145726630267689
0.08004555173405163149
0.08002965100038041124
0.08001375507577962454
0.07999786397055295983
0.07998197769481654729
0.07996609625849837588
0.07995021967133625340
0.07993434794287866685
0.07991848108248175708
0.07990261909930973516
0.07988676200233385538
0.07987090980033094423
0.07985506250188340038
0.07983922011537786245
0.07982338264900470937
0.07980755011075692240
0.07979172250842977987
0.07977589984962013547
0.07976008214172534971
0.07974426939194312336
0.07972846160727083131
0.07971265879450457892
0.07969686096023882727
0.07968106811086643482
0.07966528025257745005
0.07964949739135886164
0.07963371953299423767
0.07961794668306378109
0.07960217884694320567
0.07958641602980391638
0.07957065823661310655
0.07955490547213214803
0.07953915774091818713
0.07952341504732281241
0.07950767739549240154
0.07949194478936810748
0.07947621723268499805
0.07946049472897362409
0.07944477728155852070
0.07942906489355951172
0.07941335756789077993
0.07939765530726212994
0.07938195811417829428
0.07936626599094004364
0.07935057893964377052
0.07933489696218268272
0.07931922006024566540
0.07930354823532055619
0.07928788148869127250
0.07927221982144128098
0.07925656323445275098
0.07924091172840713737
0.07922526530378677656
0.07920962396087526114
0.07919398769975789787
0.07917835652032358118
0.07916273042226447398
0.07914710940507831138
0.07913149346806891415
0.07911588261034692426
0.07910027683083166450
0.07908467612825238746
0.07906908050114892783
0.07905348994787429751
0.07903790446659446356
0.07902232405529181769
0.07900674871176512071
0.07899117843363206992
0.07897561321833106163
0.07896005306312216254
0.07894449796509014905
0.07892894792114560354
0.07891340292802713485
0.07889786298230355710
0.07888232808037606847
0.07886679821848051331
0.07885127339268949154
0.07883575359891471790
0.07882023883291032484
0.07880472909027408379
0.07878922436645076355
0.07877372465673528057
0.07875822995627433654
0.07874274026007029026
0.07872725556298384997
0.07871177585973673785
0.07869630114491527051
0.07868083141297346761
0.07866536665823618824
0.07864990687490282240
0.07863445205704995555
0.07861900219863629524
0.07860355729350525233
0.07858811733538904887
0.07857268231791231239
0.07855725223459676665
0.07854182707886395165
0.07852640684404063598
0.07851099152336227238
0.07849558110997775784
0.07848017559695337486
0.07846477497727744055
0.07844937924386553851
0.07843398838956391894
0.07841860240715584074
0.07840322128936512425
0.07838784502886179950
0.07837247361826761571
0.07835710705016016298
0.07834174531707899236
0.07832638841153102827
0.07831103632599557829
0.07829568905293020353
0.07828034658477688035
0.07826500891396716286
0.07824967603292808105
0.07823434793408880206
0.07821902460988651440
0.07820370605277228437
0.07818839225521788394
0.07817308320972193858
0.07815777890881696333
0.07814247934507510818
0.07812718451111615170
0.07811189439961306602
0.07809660900330017697
0.07808132831497997806
0.07806605232752930612
0.07805078103390811206
0.07803551442716581688
0.07802025250044948568
0.07800499524701123844
0.07798974266021528601
0.07797449473354725602
0.07795925146062060440
0.07794401283518533063
0.07792877885113619341
0.07791354950252110667
0.07789832478354838385
0.07788310468859650781
0.07786788921222191628
0.07785267834916805019
0.07783747209437336112
0.07782227044298078988
0.07780707339034652337
0.07779188093204887633
0.07777669306389733972
0.07776150978194211472
0.07774633108248261981
0.07773115696207784364
0.07771598741755458839
0.07770082244601837773
0.07768566204486163085
0.07767050621177434833
0.07765535494475356293
0.07764020824211269323
0.07762506610249202132
0.07760992852486839344
0.07759479550856544783
0.07757966705326327372
0.07756454315900855601
0.07754942382622571906
0.07753430905572535059
0.07751919884871653899
0.07750409320681558856
0.07748899213205738545
0.07747389562690527864
0.07745880369426168255
0.07744371633747899886
0.07742863356036891465
0.07741355536721483688
0.07739848176278030234
0.07738341275232148153
0.07736834834159643515
0.07735328853687614692
0.07733823334495520951
0.07732318277316260757
0.07730813682937140441
0.07729309552201095446
0.07727805886007528546
0.07726302685313572727
0.07724799951134987686
0.07723297684547315856
0.07721795886686823318
0.07720294558751665537
0.07718793702002796353
0.07717293317765065719
0.07715793407428207795
0.07714293972447922032
0.07712795014346786326
0.07711296534715333939
0.07709798535213004123
0.07708301017569157976
0.07706803983583995765
0.07705307435129600535
0.07703811374150808244
0.07702315802666183375
0.07700820722768958460
0.07699326136627930584
0.07697832046488362057
0.07696338454672865814
0.07694845363582250575
0.07693352775696446488
0.07691860693575224006
0.07690369119859152836
0.07688878057270279176
0.07687387508613016673
0.07685897476774737613
0.07684407964726751306
0.07682918975524831440
0.07681430512309968262
0.07679942578309105483
0.07678455176835709273
0.07676968311290424674
0.07675481985161708431
0.07673996202026334146
0.07672510965550002893
0.07671026279487866417
0.07669542147685001754
0.07668058574076838663
0.07666575562689689760
0.07665093117641047504
0.07663611243140053264
0.07662129943487809569
0.07660649223077620196
0.07659169086395409276
0.07657689538019835096
0.07656210582622584304
0.07654732224968492649
0.07653254469915718450
0.07651777322415848070
0.07650300787513908407
0.07648824870348486238
0.07647349576151650508
0.07645874910248877387
0.07644400878059111337
0.07642927485094427875
0.07641454736960033578
0.07639982639353980198
0.07638511198066928742
0.07637040418981901058
0.07635570308073831580
0.07634100871409368883
0.07632632115146278928
0.07631164045533087026
0.07629696668908549084
0.07628229991701110380
0.07626764020428292157
0.07625298761696046312
0.07623834222198168364
0.07622370408715392620
0.07620907328114762125
0.07619444987348812648
0.07617983393454626218
0.07616522553552990127
0.07615062474847369978
0.07613603164623057584
0.07612144630245956667
0.07610686879161603080
0.07609229918893999078
0.07607773757044482277
0.07606318401290378117
0.07604863859383875768
0.07603410139150656999
0.07601957248488515340
0.07600505195366009936
0.07599053987821002831
0.07597603633959121305
0.07596154141952350669
0.07594705520037393909
0.07593257776513999413
0.07591810919743456620
0.07590364958146778029
0.07588919900203053293
0.07587475754447570164
0.07586032529470168595
0.07584590233913272861
0.07583148876470022226
0.07581708465882411319
0.07580269010939282015
0.07578830520474369448
0.07577393003364241153
0.07575956468526269527
0.07574520924916555709
0.07573086381527824318
0.07571652847387209950
0.07570220331554143589
0.07568788843118148812
0.07567358391196593592
0.07565928984932433765
0.07564500633491938464
0.07563073346062408608
0.07561647131849821846
0.07560222000076488591
0.07558797959978742764
0.07557375020804477095
0.07555953191810803327
0.07554532482261631932
0.07553112901425182435
0.07551694458571615864
0.07550277162970545075
0.07548861023888586708
0.07547446050586785471
0.07546032252318350675
0.07544619638325886224
0.07543208217839114660
0.07541798000072306996
0.07540388994221723651
0.07538981209463141431
0.07537574654949412423
0.07536169339807885503
0.07534765273137905561
0.07533362464008314108
0.07531960921455069236
0.07530560654478564431
0.07529161672041291553
0.07527763983065327569
0.07526367596429835161
0.07524972520968709055
0.07523578765468025287
0.07522186338663693073
0.07520795249238998448
0.07519405505822307489
0.07518017116984480885
0.07516630091236772837
0.07515244437028334445
0.07513860162743916937
0.07512477276701581830
0.07511095787150433301
0.07509715702268389415
0.07508337030159926984
0.07506959778853830589
0.07505583956301112303
0.07504209570372795401
0.07502836628857846579
0.07501465139460986031
0.07500095109800720972
0.07498726547407272292
0.07497359459720545627
0.07495993854088192632
0.07494629737763705557
0.07493267117904346686
0.07491906001569520468
0.07490546395718664097
0.07489188307209636297
0.07487831742796897949
0.07486476709129669116
0.07485123212750334487
0.07483771260092714206
0.07482420857480472087
0.07481072011125440568
0.07479724727126134398
0.07478379011466187998
0.07477034870012795598
0.07475692308515402562
0.07474351332604081688
0.07473011947788361919
0.07471674159455692077
0.07470337972870216836
0.07469003393171484706
0.07467670425373158782
0.07466339074361903749
0.07465009344896053611
0.07463681241604620820
0.07462354768986073639
0.07461029931407352211
0.07459706733102713927
0.07458385178172814711
0.07457065270583729255
0.07455747014165926834
0.07454430412613388679
0.07453115469482782252
0.07451802188192528653
0.07450490572021968572
0.07449180624110614268
0.07447872347457369646
0.07446565744919712848
0.07445260819213073145
0.07443957572910110676
0.07442656008439953175
0.07441356128087665833
0.07440057933993547701
0.07438761428152622368
0.07437466612413932976
0.07436173488480066207
0.07434882057906544439
0.07433592322101367778
0.07432304282324427025
0.07431017939687091511
0.07429733295151659533
0.07428450349530926755
0.07427169103487638036
0.07425889557534269547
0.07424611712032271049
0.07423335567191964579
0.07422061123071849176
0.07420788379578363569
0.07419517336465442092
0.07418247993334059487
0.07416980349631799307
0.07415714404652620773
0.07414450157536270347
0.07413187607267929247
0.07411926752677876207
0.07410667592440997598
0.07409410125076408560
0.07408154348946954793
0.07406900262258914180
0.07405647863061394498
0.07404397149246003118
0.07403148118546296064
0.07401900768537322817
0.07400655096635135044
0.07399411100096255078
0.07398168776017098602
0.07396928121333461170
0.07395689132819956157
0.07394451807089320872
0.07393216140591854502
0.07391982129614756147
0.07390749770281361541
0.07389519058550483854
0.07388289990215654579
0.07387062560904297803
0.07385836766076953053
0.07384612601026303846
0.07383390060876446337
0.07382169140581729128
0.07380949834925901176
0.07379732138521070961
0.07378516045806518542
0.07377301551047615868
0.07376088648334680475
0.07374877331581577988
0.07373667594524621616
0.07372459430721003959
0.07371252833547521643
0.07370047796198959944
0.07368844311686675863
0.07367642372836818998
0.07366441972288720330
0.07365243102493126970
0.07364045755710273145
0.07362849924008062208
0.07361655599259940563
0.07360462773142861792
0.07359271437135125882
0.07358081582514007513
0.07356893200353481488
0.07355706281521691425
0.07354520816678421224
0.07353336796272380571
0.07352154210538464074
0.07350973049494828604
0.07349793302939904016
0.07348614960449258160
0.07347438011372380007
0.07346262444829264326
0.07345088249706967221
0.07343915414655938223
0.07342743928086199745
0.07341573778163566766
0.07340404952805468231
0.07339237439676803143
0.07338071226185559348
0.07336906299478294924
0.07335742646435434999
0.07334580253666501959
0.07333419107504920986
0.07332259194002996305
0.07331100498926440556
0.07329943007748783435
0.07328786705645611022
0.07327631577488617765
0.07326477607839473882
0.07325324780943308356
0.07324173080722262696
0.07323022490768567316
0.07321872994337566554
0.07320724574340381485
0.07319577213336443677
0.07318430893525726399
0.07317285596740707998
0.07316141304438147919
0.07314997997690564357
0.07313855657177432967
0.07312714263176110785
0.07311573795552520072
0.07310434233751572641
0.07309295556787161197
0.07308157743232054915
0.07307020771207371757
0.07305884618371728811
0.07304749261910220559
0.07303614678522935000
0.07302480844413251904
0.07301347735275760809
0.07300215326283901462
0.07299083592077267035
0.07297952506748517365
0.07296822043830132609
0.07295692176280592356
0.07294562876470467305
0.07293434116167933634
0.07292305866524247115
0.07291178098058624657
0.07290050780642932937
0.07288923883486018995
0.07287797375117818777
0.07286671223373017425
0.07285545395374418143
0.07284419857516205576
0.07283294575446723484
0.07282169514051109460
0.07281044637433539690
0.07279919908899550041
0.07278795290937709050
0.07277670745201518521
0.07276546232490890831
0.07275421712733579072
0.07274297144966576645
0.07273172487317297596
0.07272047696984906828
0.07270922730221608676
0.07269797542313896632
0.07268672087564131967
0.07267546319272207012
0.07266420189717388844
0.07265293650140704218
0.07264166650727452157
0.07263039140590463183
0.07261911067753787363
0.07260782379137170617
0.07259653020541152746
0.07258522936633426959
0.07257392070935840545
0.07256260365812916557
0.07255127762461609231
0.07253994200902444400
0.07252859619972659710
0.07251723957320958813
0.07250587149404438825
0.07249449131487994968
0.07248309837646012277
0.07247169200767188124
0.07246027152562134477
0.07244883623574699394
0.07243738543196776014
0.07242591839687205491
0.07241443440195061143
0.07240293270787954982
0.07239141256485061293
0.07237987321296264487
0.07236831388267001008
0.07235673379529788951
0.07234513216362802035
0.07233350819255894570
0.07232186107984811541
0.07231019001694029280
0.07229849418988805454
0.07228677278037017040
0.07227502496681736943
0.07226324992564484018
0.07225144683260571743
0.07223961486426719314
0.07222775319961668994
0.07221586102180618805
0.07220393752003981258
0.07219198189161049606
0.07217999334409354317
0.07216797109770158036
0.07215591438780609435
0.07214382246763087481
0.07213169461112178826
0.07211953011599461782
0.07210732830696491014
0.07209508853916105076
0.07208281020171840303
0.07207049272155632846
0.07205813556733121905
0.07204573825356379302
0.07203330034493128642
0.07202082146071690782
0.07200830127940208158
0.07199573954339086312
0.07198313606384589003
0.07197049072561489957
0.07195780349222870298
0.07194507441093890565
0.07193230361776566106
0.07191949134252359488
0.07190663791378429370
0.07189374376373953990
0.07188080943291252911
0.07186783557467722738
0.07185482295952612397
0.07184177247903825170
0.07182868514948648198
0.07181556211502541920
0.07180240465039873510
0.07178921416310526937
0.07177599219495905958
0.07176274042298362577
0.07174946065957668595
0.07173615485189226149
0.07172282508037923499
0.07170947355643034204
0.07169610261909506455
0.07168271473081662404
0.07166931247216593026
0.07165589853554796274
0.07164247571786981628
0.07162904691217113207
0.07161561509822511606
0.07160218333213699826
0.07158875473497401665
0.07157533248047924512
0.07156191978193073011
0.07154851987822591353
0.07153513601927991017
0.07152177145084238907
0.07150842939884784200
0.07149511305342488854
0.07148182555270064797
0.07146856996654375738
0.07145534928039377898
0.07144216637933305247
0.07142902403255411981
0.07141592487837752912
0.07140287140997174375
0.07138986596192674339
0.07137691069781246234
0.07136400759885890011
0.07135115845387239586
0.07133836485049181719
0.07132562816787521576
0.07131294957088650521
0.07130033000583552161
0.07128777019780666024
0.07127527064959132685
0.07126283164221648703
0.07125045323705057887
0.07123813527943985424
0.07122587740381632060
0.07121367904020226014
0.07120153942201608299
0.07118945759507862292
0.07117743242770203926
0.07116546262173453763
0.07115354672443258144
0.07114168314101974866
0.07112987014779562078
0.07111810590565212364
0.07110638847386195616
0.07109471582400032907
0.07108308585387426715
0.07107149640133307578
0.07105994525784642413
0.07104843018174535063
0.07103694891102811659
0.07102549917564637827
0.07101407870919870802
0.07100268525996775160
0.07099131660124875787
0.07097997054092974878
0.07096864493029490795
0.07095733767202636044
0.07094604672740202622
0.07093477012268217807
0.07092350595469444630
0.07091225239563227201
0.07090100769708646000
0.07088977019333779495
0.07087853830394162669
0.07086731053563934124
0.07085608548363742099
0.07084486183229295186
0.07083363835524936203
0.07082241391506804984
0.07081118746239613293
0.07079995803471933469
0.07078872475474021209
0.07077748682842723016
0.07076624354277374906
0.07075499426330886243
0.07074373843139694640
0.07073247556136280645
0.07072120523747615906
0.07070992711082597915
0.07069864089611617441
0.07068734636840777463
0.07067604335983317110
0.07066473175630534620
0.07065341149423964850
0.07064208255730958230
0.07063074497324992040
0.07061939881072344660
0.07060804417625839158
0.07059668121127414542
0.07058531008919721739
0.07057393101267807334
0.07056254421091297246
0.07055114993707685411
0.07053974846586723302
0.07052834009116583369
0.07051692512381366185
0.07050550388950542480
0.07049407672679729175
0.07048264398523167162
0.07047120602357480335
0.07045976320816345340
0.07044831591136292703
0.07043686451012790006
0.07042540938466748668
0.07041395091720605015
0.07040248949084214336
0.07039102548849540675
0.07037955929194322779
0.07036809128093821086
0.07035662183240574963
0.07034515131971698365
0.07033368011203244841
0.07032220857371226930
0.07031073706379092902
0.07029926593551009961
0.07028779553590902562
0.07027632620546485354
0.07026485827778472526
0.07025339207934062913
0.07024192792924804918
0.07023046613908422164
0.07021900701274068346
0.07020755084631224996
0.07019609792801442816
0.07018464853813029258
0.07017320294898350685
0.07016176142493393830
0.07015032422239661503
0.07013889158987864081
0.07012746376803476178
0.07011604098973843457
0.07010462348016724410
0.07009321145690140809
0.07008180513003259282
0.07007040470228433071
0.07005901036913900204
0.07004762231897453117
0.07003624073320577348
0.07002486578643228599
0.07001349764659063613
0.07000213647510948600
0.06999078242706983921
0.06997943565136373334
0.06996809629085903870
0.06995676448256156477
0.06994544035777920665
0.06993412404228595280
0.06992281565648583719
0.06991151531557424081
0.06990022312969984553
0.06988893920412417304
0.06987766363937963909
0.06986639653142466544
0.06985513797179737638
0.06984388804776656134
0.06983264684247963983
0.06982141443510751777
0.06981019090098794511
0.06979897631176364137
0.06978777073551857557
0.06977657423691241423
0.06976538687730740596
0.06975420871489726449
0.06974303980482815524
0.06973188019931991777
0.06972072994778101551
0.06970958909692240302
0.06969845769086632781
0.06968733577125330036
0.06967622337734505344
0.06966512054612371274
0.06965402731238876100
0.06964294370885039387
0.06963186976622033619
0.06962080551329789813
