0.33874503621989876523
0.31362341585962005830
0.28063339766115191765
0.26109635050340274098
0.26080807282766255151
0.26496442914757645237
0.26388417131740271593
0.25993486095247730905
0.25753014711613297916
0.25748740688662352660
0.25804938096099699907
0.25798630632990177114
0.25745274663985268093
0.25702392792103828656
0.25689460939804542594
0.25690344228158590312
0.25688883756677843850
0.25683696078144252484
0.25679734888286009920
0.25678657704485519098
0.25678313566803556700
0.25676653701140078612
0.25673652155565890309
0.25670371912062583952
0.25667560415826728981
0.25665287973276290634
0.25663335351742999624
0.25661539688257867242
0.25659831773262853361
0.25658151842117915553
0.25656427469900633387
0.25654613588489771914
0.25652718632323862069
0.25650787427503829452
0.25648866665944303200
0.25646983572532894291
0.25645144207173020678
0.25643341358296378729
0.25641562499401493458
0.25639795009358468114
0.25638029367077691534
0.25636260811186162289
0.25634489277490352110
0.25632717811284677634
0.25630950369502802921
0.25629190041486005214
0.25627438211329711670
0.25625694593486691986
0.25623957772183697523
0.25622225869777831564
0.25620497095278560451
0.25618770058536283196
0.25617043839731545862
0.25615317874963733358
0.25613591753511921745
0.25611865018651053250
0.25610137031639890193
0.25608406917143411441
0.25606673575687566302
0.25604935732905298451
0.25603191995001950421
0.25601440888976279009
0.25599680878238162407
0.25597910354707326119
0.25596127614847441478
0.25594330828961919799
0.25592518011451159676
0.25590686996310157975
0.25588835418598071536
0.25586960700061844864
0.25585060035954299007
0.25583130380180046926
0.25581168426745237721
0.25579170586548011235
0.25577132959422504976
0.25575051301837459228
0.25572920990733943869
0.25570736983773112438
0.25568493775909106880
0.25566185351844539220
0.25563805133655748136
0.25561345922720851709
0.25558799835029322178
0.25556158228955455636
0.25553411624593941331
0.25550549613751005751
0.25547560759641668726
0.25544432485262380528
0.25541150949299462614
0.25537700908311850023
0.25534065563806479515
0.25530226392716681705
0.25526162959705245292
0.25521852709647813162
0.25517270738610986491
0.25512389541626634415
0.25507178735582980433
0.25501604755610696174
0.25495630523446488613
0.25489215086415034639
0.25482313225888697517
0.25474875034367788773
0.25466845460668408041
0.25458163823101520595
0.25448763290954962146
0.25438570335016297275
0.25427504148250335003
0.25415476038004242154
0.25402388791172314519
0.25388136013511430900
0.25372601443649178687
0.25355658241161266320
0.25337168246326030596
0.25316981206748784272
0.25294933963025156842
0.25270849582138721345
0.25244536423693791916
0.25215787120917565467
0.25184377456443829413
0.25150065113334890698
0.25112588286057985210
0.25071664145978606042
0.25026987173427583944
0.24978227395814303624
0.24925028610956187491
0.24867006729007806731
0.24803748436887027018
0.24734810476716961869
0.24659719933554771765
0.24577976043578880772
0.24489054153256012425
0.24392412567207019669
0.24287503092667936389
0.24173786085688567238
0.24050750681847871126
0.23917940599408948898
0.23774985387826685912
0.23621636236972876066
0.23457804492473594005
0.23283599949790251271
0.23099365025308421506
0.22905700298009065707
0.22703476955022097727
0.22493832535230506853
0.22278148029378955219
0.22058006614323366623
0.21835136651260947382
0.21611343598956750389
0.21388436815453867879
0.21168157656536651379
0.20952114825914083807
0.20741731742821784001
0.20538209020117598191
0.20342503286628288439
0.20155321825727359752
0.19977131063527908683
0.19808175965663502027
0.19648506941426743810
0.19498010873943086296
0.19356443293750730250
0.19223459349015120656
0.19098641950167449810
0.18981526155568340108
0.18871619436297187855
0.18768417877017462558
0.18671418638009518176
0.18580129145597301665
0.18494073527845911187
0.18412796801989539386
0.18335867275689943234
0.18262877564345700310
0.18193444562833735456
0.18127208648723830420
0.18063832338298346780
0.18002998567841294042
0.17944408730831656884
0.17887780566595085086
0.17832845967113675201
0.17779348745426351575
0.17727042390671321481
0.17675687820600788358
0.17625051131621655154
0.17574901338415951924
0.17525008089384475074
0.17475139340050810377
0.17425058963795889144
0.17374524277620995161
0.17323283459936966722
0.17271072837639547815
0.17217614021051680373
0.17162610867883126842
0.17105746261453297352
0.17046678694391709241
0.16985038657275994267
0.16920424842623121853
0.16852400188747487797
0.16780487805630767140
0.16704166846416854120
0.16622868413631797235
0.16535971618762027036
0.16442799947281724893
0.16342618118344717781
0.16234629668778141620
0.16117975534252251824
0.15991733945916702941
0.15854922007609464907
0.15706499366346549085
0.15545374437777698118
0.15370413702501939390
0.15180454658224010189
0.14974323112617538012
0.14750855648276323118
0.14508928281664931759
0.14247492521119692332
0.13965620074662643546
0.13662557155844790024
0.13337788449348092490
0.12991109188079005832
0.12622701559439331032
0.12233209212838565272
0.11823801625068874888
0.11396219117649021568
0.10952789728090772670
0.10496410816014792311
0.10030490914540651781
0.09558850738078229770
0.09085586527882139052
0.08614904061367231747
0.08150936967877125960
0.07697566926489471384
0.07258264185447217687
0.06835963930839984715
0.06432988139967180108
0.06051015493692582514
0.05691095523091029007
0.05353698578655911866
0.05038790806070669870
0.04745922928714783190
0.04474322825254273273
0.04222984065266761899
0.03990745119814502473
0.03776356387853500862
0.03578534148503675211
0.03396001939059800634
0.03227520697693302132
0.03071909407940870071
0.02928058070198960930
0.02794934720418301016
0.02671588007800074910
0.02557146593921619249
0.02450816385119427426
0.02351876380930954455
0.02259673724832702429
0.02173618382458196094
0.02093177745273587173
0.02017871360235991285
0.01947265913269242976
0.01880970541508945187
0.01818632511760022441
0.01759933276750873937
0.01704584903557546799
0.01652326857660178783
0.01602923119682609504
0.01556159608600448177
0.01511841884078895387
0.01469793100887514282
0.01429852189509551313
0.01391872238748844033
0.01355719058083020186
0.01321269899546692952
0.01288412320941968205
0.01257043174097133981
0.01227067703688825701
0.01198398743788713430
0.01170956000786677921
0.01144665412680750255
0.01119458575916919274
0.01095272232019658606
0.01072047807188086614
0.01049730998855261110
0.01028271403930713229
0.01007622184080357586
0.00987739763953532010
0.00968583558753559684
0.00950115727974383886
0.00932300952499000996
0.00915106232582297771
0.00898500704527341494
0.00882455474115347721
0.00866943465069992640
0.00851939281030260689
0.00837419079676219452
0.00823360457801792026
0.00809742346260503530
0.00796544913826461448
0.00783749479115439414
0.00771338429801687615
0.00759295148446327908
0.00747603944324298428
0.00736249990699845182
0.00725219267056544450
0.00714498505837616628
0.00704075143296532986
0.00693937274097432277
0.00684073609340018259
0.00674473437715072000
0.00665126589524809696
0.00656023403327473005
0.00647154694988101315
0.00638511728937634325
0.00630086191460695055
0.00621870165848696470
0.00613856109269647881
0.00606036831219258342
0.00598405473429902517
0.00590955491124767196
0.00583680635514279705
0.00576574937440702505
0.00569632692084799837
0.00562848444655682668
0.00556216976991528826
0.00549733295004835310
0.00543392616911264961
0.00537190362186104435
0.00531122141196818838
0.00525183745464294360
0.00519371138509087775
0.00513680447242417272
0.00508107953864721067
0.00502650088237497836
0.00497303420696704364
0.00492064655278402589
0.00486930623329530875
0.00481898277478672119
0.00476964685943550605
0.00472127027153654462
0.00467382584667981951
0.00462728742369291658
0.00458162979917595484
0.00453682868446826822
0.00449286066489742140
0.00444970316117151207
0.00440733439278522942
0.00436573334331888819
0.00432487972751803822
0.00428475396004840327
0.00424533712582833653
0.00420661095184704948
0.00416855778038316329
0.00413116054354343253
0.00409440273904691440
0.00405826840718431781
0.00402274210888716247
0.00398780890484496352
0.00395345433561299781
0.00391966440265648780
0.00388642555028044078
0.00385372464839758453
0.00382154897608959253
0.00378988620591946736
0.00375872438895578052
0.00372805194047129505
0.00369785762628118721
0.00366813054968784420
0.00363886013900119668
0.00361003613560538072
0.00358164858254416026
0.00355368781359915228
0.00352614444283629383
0.00349900935459735796
0.00347227369391488920
0.00344592885732965737
0.00341996648409127529
0.00339437844772355526
0.00336915684793714400
0.00334429400287288795
0.00331978244166044548
0.00329561489727731201
0.00327178429969424665
0.00324828376929388839
0.00322510661054999960
0.00320224630595540398
0.00317969651018736379
0.00315745104449963697
0.00313550389133113302
0.00311384918912141918
0.00309248122732398018
0.00307139444160851264
0.00305058340924396244
0.00303004284465448973
0.00300976759514083678
0.00298975263676001107
0.00296999307035654804
0.00295048411773888263
0.00293122111799470030
0.00291219952393945115
0.00289341489869249322
0.00287486291237548782
0.00285653933892812510
0.00283844005303624490
0.00282056102716786352
0.00280289832871265807
0.00278544811722079497
0.00276820664173707889
0.00275117023822664310
0.00273433532708853341
0.00271769841075372807
0.00270125607136425996
0.00268500496853033488
0.00266894183716235613
0.00265306348537496309
0.00263736679246040105
0.00262184870692845108
0.00260650624461049828
0.00259133648682526160
0.00257633657860386256
0.00256150372697204779
0.00254683519928740375
0.00253232832162955538
0.00251798047724138222
0.00250378910501937576
0.00248975169805137030
0.00247586580219992395
0.00246212901472965149
0.00244853898297703234
0.00243509340306107035
0.00242179001863342949
0.00240862661966659546
0.00239560104127877274
0.00238271116259419118
0.00236995490563760534
0.00235733023426180216
0.00234483515310695331
0.00233246770659077153
0.00232022597792835286
0.00230810808818073540
0.00229611219533118905
0.00228423649338831266
0.00227247921151501123
0.00226083861318252238
0.00224931299534864883
0.00223790068765936058
0.00222660005167306125
0.00221540948010672586
0.00220432739610320000
0.00219335225251901479
0.00218248253123198149
0.00217171674246801174
0.00216105342414648315
0.00215049114124357720
0.00214002848517304235
0.00212966407318378485
0.00211939654777380630
0.00210922457611993934
0.00209914684952289656
0.00208916208286718435
0.00207926901409537018
0.00206946640369629498
0.00205975303420681630
0.00205012770972663304
0.00204058925544580621
0.00203113651718460093
0.00202176836094527124
0.00201248367247543495
0.00200328135684267345
0.00199416033802004601
0.00198511955848216549
0.00197615797881157398
0.00196727457731504275
0.00195846834964957849
0.00194973830845779849
0.00194108348301243487
0.00193250291886968325
0.00192399567753114920
0.00191556083611416593
0.00190719748703019158
0.00189890473767111200
0.00189068171010319214
0.00188252754076846272
0.00187444138019335566
0.00186642239270434600
0.00185846975615044235
0.00185058266163231440
0.00184276031323787632
0.00183500192778413874
0.00182730673456521411
0.00181967397510618585
0.00181210290292281974
0.00180459278328687378
0.00179714289299686249
0.00178975252015416792
0.00178242096394429683
0.00177514753442320982
0.00176793155230852306
0.00176077234877551267
0.00175366926525774743
0.00174662165325225292
0.00173962887412907555
0.00173269029894514539
0.00172580530826232448
0.00171897329196948629
0.00171219364910860550
0.00170546578770470005
0.00169878912459950891
0.00169216308528886300
0.00168558710376361586
0.00167906062235406630
0.00167258309157774414
0.00166615396999056646
0.00165977272404114464
0.00165343882792827099
0.00164715176346148448
0.00164091101992459376
0.00163471609394212690
0.00162856648934863856
0.00162246171706075491
0.00161640129495194932
0.00161038474772995182
0.00160441160681672732
0.00159848141023095653
0.00159259370247297584
0.00158674803441212616
0.00158094396317638654
0.00157518105204433123
0.00156945887033928472
0.00156377699332565698
0.00155813500210738392
0.00155253248352845417
0.00154696903007544261
0.00154144423978200837
0.00153595771613534429
0.00153050906798446527
0.00152509790945038024
0.00151972385983802213
0.00151438654354994913
0.00150908559000174762
0.00150382063353911278
0.00149859131335656624
0.00149339727341775441
0.00148823816237733469
0.00148311363350436039
0.00147802334460717588
0.00147296695795974932
0.00146794414022944708
0.00146295456240619478
0.00145799789973299117
0.00145307383163776802
0.00144818204166653969
0.00144332221741781848
0.00143849405047830124
0.00143369723635973978
0.00142893147443702768
0.00142419646788744013
0.00141949192363100560
0.00141481755227200858
0.00141017306804157522
0.00140555818874130460
0.00140097263568798370
0.00139641613365929559
0.00139188841084052738
0.00138738919877226833
0.00138291823229905295
0.00137847524951894770
0.00137405999173405378
0.00136967220340190681
0.00136531163208775943
0.00136097802841771164
0.00135667114603269293
0.00135239074154327402
0.00134813657448527835
0.00134390840727618283
0.00133970600517229247
0.00133552913622668750
0.00133137757124789785
0.00132725108375930699
0.00132314944995927928
0.00131907244868197560
0.00131501986135885832
0.00131099147198086136
0.00130698706706122302
0.00130300643559895643
0.00129904936904295682
0.00129511566125671790
0.00129120510848367009
0.00128731750931308656
0.00128345266464660471
0.00127961037766529295
0.00127579045379726686
0.00127199270068589733
0.00126821692815850227
0.00126446294819561452
0.00126073057490071931
0.00125701962447053546
0.00125332991516578307
0.00124966126728241907
0.00124601350312337545
0.00124238644697075452
0.00123877992505848225
0.00123519376554541427
0.00123162779848888689
0.00122808185581869045
0.00122455577131149341
0.00122104938056564116
0.00121756252097640822
0.00121409503171162735
0.00121064675368771782
0.00120721752954609709
0.00120380720362997995
0.00120041562196154263
0.00119704263221945446
0.00119368808371677357
0.00119035182737918543
0.00118703371572359160
0.00118373360283703221
0.00118045134435594882
0.00117718679744578170
0.00117393982078085879
0.00117071027452462953
0.00116749802031019742
0.00116430292122114416
0.00116112484177267774
0.00115796364789304751
0.00115481920690525797
0.00115169138750906871
0.00114858005976326699
0.00114548509506821059
0.00114240636614863712
0.00113934374703674422
0.00113629711305552250
0.00113326634080233922
0.00113025130813277329
0.00112725189414470371
0.00112426797916261446
0.00112129944472216564
0.00111834617355496954
0.00111540804957362084
0.00111248495785691700
0.00110957678463533883
0.00110668341727671710
0.00110380474427212365
0.00110094065522196188
0.00109809104082228461
0.00109525579285128533
0.00109243480415600371
0.00108962796863923276
0.00108683518124659583
0.00108405633795383410
0.00108129133575426235
0.00107854007264642426
0.00107580244762190509
0.00107307836065334127
0.00107036771268258159
0.00106767040560904565
0.00106498634227822201
0.00106231542647034589
0.00105965756288924203
0.00105701265715130990
0.00105438061577468965
0.00105176134616855282
0.00104915475662257455
0.00104656075629652604
0.00104397925521003583
0.00104141016423248025
0.00103885339507303175
0.00103630886027082257
0.00103377647318527235
0.00103125614798652877
0.00102874779964605683
0.00102625134392734314
0.00102376669737673726
0.00102129377731443585
0.00101883250182555410
0.00101638278975134757
0.00101394456068054639
0.00101151773494081933
0.00100910223359031983
0.00100669797840939384
0.00100430489189236478
0.00100192289723944586
0.00099955191834875663
0.00000000000000000000
0.00000000000000000000
0.00000000000000000000
0.00000000000000000000
0.00000000000000000000
0.00000000000000000000
0.00000000000000000000
0.00000000000000000000
0.00000000000000000000
0.00000000000000000000
0.00000000000000000000
0.00000000000000000000
0.00000000000000000000
0.00000000000000000000
0.00000000000000000000
0.00000000000000000000
0.00000000000000000000
0.00000000000000000000
0.00000000000000000000
0.00000000000000000000
0.00000000000000000000
0.00000000000000000000
0.00000000000000000000
0.00000000000000000000
0.00000000000000000000
0.00000000000000000000
0.00000000000000000000
0.00000000000000000000
0.00000000000000000000
0.00000000000000000000
0.00000000000000000000
0.00000000000000000000
0.00000000000000000000
0.00000000000000000000
0.00000000000000000000
0.00000000000000000000
0.00000000000000000000
0.00000000000000000000
0.00000000000000000000
0.00000000000000000000
0.00000000000000000000
0.00000000000000000000
0.00000000000000000000
0.00000000000000000000
0.00000000000000000000
0.00000000000000000000
0.00000000000000000000
0.00000000000000000000
0.00000000000000000000
0.00000000000000000000
0.00000000000000000000
0.00000000000000000000
0.00000000000000000000
0.00000000000000000000
0.00000000000000000000
0.00000000000000000000
0.00000000000000000000
0.00000000000000000000
0.00000000000000000000
0.00000000000000000000
0.00000000000000000000
0.00000000000000000000
0.00000000000000000000
0.00000000000000000000
0.00000000000000000000
0.00000000000000000000
0.00000000000000000000
0.00000000000000000000
0.00000000000000000000
0.00000000000000000000
0.00000000000000000000
0.00000000000000000000
0.00000000000000000000
0.00000000000000000000
0.00000000000000000000
0.00000000000000000000
0.00000000000000000000
0.00000000000000000000
0.00000000000000000000
0.00000000000000000000
0.00000000000000000000
0.00000000000000000000
0.00000000000000000000
0.00000000000000000000
0.00000000000000000000
0.00000000000000000000
0.00000000000000000000
0.00000000000000000000
0.00000000000000000000
0.00000000000000000000
0.00000000000000000000
0.00000000000000000000
0.00000000000000000000
0.00000000000000000000
0.00000000000000000000
0.00000000000000000000
0.00000000000000000000
0.00000000000000000000
0.00000000000000000000
0.00000000000000000000
0.00000000000000000000
0.00000000000000000000
0.00000000000000000000
0.00000000000000000000
0.00000000000000000000
0.00000000000000000000
0.00000000000000000000
0.00000000000000000000
0.00000000000000000000
0.00000000000000000000
0.00000000000000000000
0.00000000000000000000
0.00000000000000000000
0.00000000000000000000
0.00000000000000000000
0.00000000000000000000
0.00000000000000000000
0.00000000000000000000
0.00000000000000000000
0.00000000000000000000
0.00000000000000000000
0.00000000000000000000
0.00000000000000000000
0.00000000000000000000
0.00000000000000000000
0.00000000000000000000
0.00000000000000000000
0.00000000000000000000
0.00000000000000000000
0.00000000000000000000
0.00000000000000000000
0.00000000000000000000
0.00000000000000000000
0.00000000000000000000
0.00000000000000000000
0.00000000000000000000
0.00000000000000000000
0.00000000000000000000
0.00000000000000000000
0.00000000000000000000
0.00000000000000000000
0.00000000000000000000
0.00000000000000000000
0.00000000000000000000
0.00000000000000000000
0.00000000000000000000
0.00000000000000000000
0.00000000000000000000
0.00000000000000000000
0.00000000000000000000
0.00000000000000000000
0.00000000000000000000
0.00000000000000000000
0.00000000000000000000
0.00000000000000000000
0.00000000000000000000
0.00000000000000000000
0.00000000000000000000
0.00000000000000000000
0.00000000000000000000
0.00000000000000000000
0.00000000000000000000
0.00000000000000000000
0.00000000000000000000
0.00000000000000000000
0.00000000000000000000
0.00000000000000000000
0.00000000000000000000
0.00000000000000000000
0.00000000000000000000
0.00000000000000000000
0.00000000000000000000
0.00000000000000000000
0.00000000000000000000
0.00000000000000000000
0.00000000000000000000
0.00000000000000000000
0.00000000000000000000
0.00000000000000000000
0.00000000000000000000
0.00000000000000000000
0.00000000000000000000
0.00000000000000000000
0.00000000000000000000
0.00000000000000000000
0.00000000000000000000
0.00000000000000000000
0.00000000000000000000
0.00000000000000000000
0.00000000000000000000
0.00000000000000000000
0.00000000000000000000
0.00000000000000000000
0.00000000000000000000
0.00000000000000000000
0.00000000000000000000
0.00000000000000000000
0.00000000000000000000
0.00000000000000000000
0.00000000000000000000
0.00000000000000000000
0.00000000000000000000
0.00000000000000000000
0.00000000000000000000
0.00000000000000000000
0.00000000000000000000
0.00000000000000000000
0.00000000000000000000
0.00000000000000000000
0.00000000000000000000
0.00000000000000000000
0.00000000000000000000
0.00000000000000000000
0.00000000000000000000
0.00000000000000000000
0.00000000000000000000
0.00000000000000000000
0.00000000000000000000
0.00000000000000000000
0.00000000000000000000
0.00000000000000000000
0.00000000000000000000
0.00000000000000000000
0.00000000000000000000
0.00000000000000000000
0.00000000000000000000
0.00000000000000000000
0.00000000000000000000
0.00000000000000000000
0.00000000000000000000
0.00000000000000000000
0.00000000000000000000
0.00000000000000000000
0.00000000000000000000
0.00000000000000000000
0.00000000000000000000
0.00000000000000000000
0.00000000000000000000
0.00000000000000000000
0.00000000000000000000
0.00000000000000000000
0.00000000000000000000
0.00000000000000000000
0.00000000000000000000
0.00000000000000000000
0.00000000000000000000
0.00000000000000000000
0.00000000000000000000
0.00000000000000000000
0.00000000000000000000
0.00000000000000000000
0.00000000000000000000
0.00000000000000000000
0.00000000000000000000
0.00000000000000000000
0.00000000000000000000
0.00000000000000000000
0.00000000000000000000
0.00000000000000000000
0.00000000000000000000
0.00000000000000000000
0.00000000000000000000
0.00000000000000000000
0.00000000000000000000
0.00000000000000000000
0.00000000000000000000
0.00000000000000000000
0.00000000000000000000
0.00000000000000000000
0.00000000000000000000
0.00000000000000000000
0.00000000000000000000
0.00000000000000000000
0.00000000000000000000
0.00000000000000000000
0.00000000000000000000
0.00000000000000000000
0.00000000000000000000
0.00000000000000000000
0.00000000000000000000
0.00000000000000000000
0.00000000000000000000
0.00000000000000000000
0.00000000000000000000
0.00000000000000000000
0.00000000000000000000
0.00000000000000000000
0.00000000000000000000
0.00000000000000000000
0.00000000000000000000
0.00000000000000000000
0.00000000000000000000
0.00000000000000000000
0.00000000000000000000
0.00000000000000000000
0.00000000000000000000
0.00000000000000000000
0.00000000000000000000
0.00000000000000000000
0.00000000000000000000
0.00000000000000000000
0.00000000000000000000
0.00000000000000000000
0.00000000000000000000
0.00000000000000000000
0.00000000000000000000
0.00000000000000000000
0.00000000000000000000
0.00000000000000000000
0.00000000000000000000
0.00000000000000000000
0.00000000000000000000
0.00000000000000000000
0.00000000000000000000
0.00000000000000000000
0.00000000000000000000
0.00000000000000000000
0.00000000000000000000
0.00000000000000000000
0.00000000000000000000
0.00000000000000000000
0.00000000000000000000
0.00000000000000000000
0.00000000000000000000
0.00000000000000000000
0.00000000000000000000
0.00000000000000000000
0.00000000000000000000
0.00000000000000000000
0.00000000000000000000
0.00000000000000000000
0.00000000000000000000
0.00000000000000000000
0.00000000000000000000
0.00000000000000000000
0.00000000000000000000
0.00000000000000000000
0.00000000000000000000
0.00000000000000000000
0.00000000000000000000
0.00000000000000000000
0.00000000000000000000
0.00000000000000000000
0.00000000000000000000
0.00000000000000000000
0.00000000000000000000
0.00000000000000000000
0.00000000000000000000
0.00000000000000000000
0.00000000000000000000
0.00000000000000000000
0.00000000000000000000
0.00000000000000000000
0.00000000000000000000
0.00000000000000000000
0.00000000000000000000
0.00000000000000000000
0.00000000000000000000
0.00000000000000000000
0.00000000000000000000
0.00000000000000000000
0.00000000000000000000
0.00000000000000000000
0.00000000000000000000
0.00000000000000000000
0.00000000000000000000
0.00000000000000000000
0.00000000000000000000
0.00000000000000000000
0.00000000000000000000
0.00000000000000000000
0.00000000000000000000
0.00000000000000000000
0.00000000000000000000
0.00000000000000000000
0.00000000000000000000
0.00000000000000000000
0.00000000000000000000
0.00000000000000000000
0.00000000000000000000
0.00000000000000000000
0.00000000000000000000
0.00000000000000000000
0.00000000000000000000
0.00000000000000000000
0.00000000000000000000
0.00000000000000000000
0.00000000000000000000
0.00000000000000000000
0.00000000000000000000
0.00000000000000000000
0.00000000000000000000
0.00000000000000000000
0.00000000000000000000
0.00000000000000000000
0.00000000000000000000
0.00000000000000000000
0.00000000000000000000
0.00000000000000000000
0.00000000000000000000
0.00000000000000000000
0.00000000000000000000
0.00000000000000000000
0.00000000000000000000
0.00000000000000000000
0.00000000000000000000
0.00000000000000000000
0.00000000000000000000
0.00000000000000000000
0.00000000000000000000
0.00000000000000000000
0.00000000000000000000
0.00000000000000000000
0.00000000000000000000
0.00000000000000000000
0.00000000000000000000
0.00000000000000000000
0.00000000000000000000
0.00000000000000000000
0.00000000000000000000
0.00000000000000000000
0.00000000000000000000
0.00000000000000000000
0.00000000000000000000
0.00000000000000000000
0.00000000000000000000
0.00000000000000000000
0.00000000000000000000
0.00000000000000000000
0.00000000000000000000
0.00000000000000000000
0.00000000000000000000
0.00000000000000000000
0.00000000000000000000
0.00000000000000000000
0.00000000000000000000
0.00000000000000000000
0.00000000000000000000
0.00000000000000000000
0.00000000000000000000
0.00000000000000000000
0.00000000000000000000
0.00000000000000000000
0.00000000000000000000
0.00000000000000000000
0.00000000000000000000
0.00000000000000000000
0.00000000000000000000
0.00000000000000000000
0.00000000000000000000
0.00000000000000000000
0.00000000000000000000
0.00000000000000000000
0.00000000000000000000
0.00000000000000000000
0.00000000000000000000
0.00000000000000000000
0.00000000000000000000
0.00000000000000000000
0.00000000000000000000
0.00000000000000000000
0.00000000000000000000
0.00000000000000000000
0.00000000000000000000
0.00000000000000000000
0.00000000000000000000
0.00000000000000000000
0.00000000000000000000
0.00000000000000000000
0.00000000000000000000
0.00000000000000000000
0.00000000000000000000
0.00000000000000000000
0.00000000000000000000
0.00000000000000000000
0.00000000000000000000
0.00000000000000000000
0.00000000000000000000
0.00000000000000000000
0.00000000000000000000
0.00000000000000000000
0.00000000000000000000
0.00000000000000000000
0.00000000000000000000
0.00000000000000000000
0.00000000000000000000
0.00000000000000000000
0.00000000000000000000
0.00000000000000000000
0.00000000000000000000
0.00000000000000000000
0.00000000000000000000
0.00000000000000000000
0.00000000000000000000
0.00000000000000000000
0.00000000000000000000
0.00000000000000000000
0.00000000000000000000
0.00000000000000000000
0.00000000000000000000
0.00000000000000000000
0.00000000000000000000
0.00000000000000000000
0.00000000000000000000
0.00000000000000000000
0.00000000000000000000
0.00000000000000000000
0.00000000000000000000
0.00000000000000000000
0.00000000000000000000
0.00000000000000000000
0.00000000000000000000
0.00000000000000000000
0.00000000000000000000
0.00000000000000000000
0.00000000000000000000
0.00000000000000000000
0.00000000000000000000
0.00000000000000000000
0.00000000000000000000
0.00000000000000000000
0.00000000000000000000
0.00000000000000000000
0.00000000000000000000
0.00000000000000000000
0.00000000000000000000
0.00000000000000000000
0.00000000000000000000
0.00000000000000000000
0.00000000000000000000
0.00000000000000000000
0.00000000000000000000
0.00000000000000000000
0.00000000000000000000
0.00000000000000000000
0.00000000000000000000
0.00000000000000000000
0.00000000000000000000
0.00000000000000000000
0.00000000000000000000
0.00000000000000000000
0.00000000000000000000
0.00000000000000000000
0.00000000000000000000
0.00000000000000000000
0.00000000000000000000
0.00000000000000000000
0.00000000000000000000
0.00000000000000000000
0.00000000000000000000
0.00000000000000000000
0.00000000000000000000
0.00000000000000000000
0.00000000000000000000
0.00000000000000000000
0.00000000000000000000
0.00000000000000000000
0.00000000000000000000
0.00000000000000000000
0.00000000000000000000
0.00000000000000000000
0.00000000000000000000
0.00000000000000000000
0.00000000000000000000
0.00000000000000000000
0.00000000000000000000
0.00000000000000000000
0.00000000000000000000
0.00000000000000000000
0.00000000000000000000
0.00000000000000000000
0.00000000000000000000
0.00000000000000000000
0.00000000000000000000
0.00000000000000000000
0.00000000000000000000
0.00000000000000000000
0.00000000000000000000
0.00000000000000000000
0.00000000000000000000
0.00000000000000000000
0.00000000000000000000
0.00000000000000000000
0.00000000000000000000
0.00000000000000000000
0.00000000000000000000
0.00000000000000000000
0.00000000000000000000
0.00000000000000000000
0.00000000000000000000
0.00000000000000000000
0.00000000000000000000
0.00000000000000000000
0.00000000000000000000
0.00000000000000000000
0.00000000000000000000
0.00000000000000000000
0.00000000000000000000
0.00000000000000000000
0.00000000000000000000
0.00000000000000000000
0.00000000000000000000
0.00000000000000000000
0.00000000000000000000
0.00000000000000000000
0.00000000000000000000
0.00000000000000000000
0.00000000000000000000
0.00000000000000000000
0.00000000000000000000
0.00000000000000000000
0.00000000000000000000
0.00000000000000000000
0.00000000000000000000
0.00000000000000000000
0.00000000000000000000
0.00000000000000000000
0.00000000000000000000
0.00000000000000000000
0.00000000000000000000
0.00000000000000000000
0.00000000000000000000
0.00000000000000000000
0.00000000000000000000
0.00000000000000000000
0.00000000000000000000
0.00000000000000000000
0.00000000000000000000
0.00000000000000000000
0.00000000000000000000
0.00000000000000000000
0.00000000000000000000
0.00000000000000000000
0.00000000000000000000
0.00000000000000000000
0.00000000000000000000
0.00000000000000000000
0.00000000000000000000
0.00000000000000000000
0.00000000000000000000
0.00000000000000000000
0.00000000000000000000
0.00000000000000000000
0.00000000000000000000
0.00000000000000000000
0.00000000000000000000
0.00000000000000000000
0.00000000000000000000
0.00000000000000000000
0.00000000000000000000
0.00000000000000000000
0.00000000000000000000
0.00000000000000000000
0.00000000000000000000
0.00000000000000000000
0.00000000000000000000
0.00000000000000000000
0.00000000000000000000
0.00000000000000000000
0.00000000000000000000
0.00000000000000000000
0.00000000000000000000
0.00000000000000000000
0.00000000000000000000
0.00000000000000000000
0.00000000000000000000
0.00000000000000000000
0.00000000000000000000
0.00000000000000000000
0.00000000000000000000
0.00000000000000000000
0.00000000000000000000
0.00000000000000000000
0.00000000000000000000
0.00000000000000000000
0.00000000000000000000
0.00000000000000000000
0.00000000000000000000
0.00000000000000000000
0.00000000000000000000
0.00000000000000000000
0.00000000000000000000
0.00000000000000000000
0.00000000000000000000
0.00000000000000000000
0.00000000000000000000
0.00000000000000000000
0.00000000000000000000
0.00000000000000000000
0.00000000000000000000
0.00000000000000000000
0.00000000000000000000
0.00000000000000000000
0.00000000000000000000
0.00000000000000000000
0.00000000000000000000
0.00000000000000000000
0.00000000000000000000
0.00000000000000000000
0.00000000000000000000
0.00000000000000000000
0.00000000000000000000
0.00000000000000000000
0.00000000000000000000
0.00000000000000000000
0.00000000000000000000
0.00000000000000000000
0.00000000000000000000
0.00000000000000000000
0.00000000000000000000
0.00000000000000000000
0.00000000000000000000
0.00000000000000000000
0.00000000000000000000
0.00000000000000000000
0.00000000000000000000
0.00000000000000000000
0.00000000000000000000
0.00000000000000000000
0.00000000000000000000
0.00000000000000000000
0.00000000000000000000
0.00000000000000000000
0.00000000000000000000
0.00000000000000000000
0.00000000000000000000
0.00000000000000000000
0.00000000000000000000
0.00000000000000000000
0.00000000000000000000
0.00000000000000000000
0.00000000000000000000
0.00000000000000000000
0.00000000000000000000
0.00000000000000000000
0.00000000000000000000
0.00000000000000000000
0.00000000000000000000
0.00000000000000000000
0.00000000000000000000
0.00000000000000000000
0.00000000000000000000
0.00000000000000000000
0.00000000000000000000
0.00000000000000000000
0.00000000000000000000
0.00000000000000000000
0.00000000000000000000
0.00000000000000000000
0.00000000000000000000
0.00000000000000000000
0.00000000000000000000
0.00000000000000000000
0.00000000000000000000
0.00000000000000000000
0.00000000000000000000
0.00000000000000000000
0.00000000000000000000
0.00000000000000000000
0.00000000000000000000
0.00000000000000000000
0.00000000000000000000
0.00000000000000000000
0.00000000000000000000
0.00000000000000000000
0.00000000000000000000
0.00000000000000000000
0.00000000000000000000
0.00000000000000000000
0.00000000000000000000
0.00000000000000000000
0.00000000000000000000
0.00000000000000000000
0.00000000000000000000
0.00000000000000000000
0.00000000000000000000
0.00000000000000000000
0.00000000000000000000
0.00000000000000000000
0.00000000000000000000
0.00000000000000000000
0.00000000000000000000
0.00000000000000000000
0.00000000000000000000
0.00000000000000000000
0.00000000000000000000
0.00000000000000000000
0.00000000000000000000
0.00000000000000000000
0.00000000000000000000
0.00000000000000000000
0.00000000000000000000
0.00000000000000000000
0.00000000000000000000
0.00000000000000000000
0.00000000000000000000
0.00000000000000000000
0.00000000000000000000
0.00000000000000000000
0.00000000000000000000
0.00000000000000000000
0.00000000000000000000
0.00000000000000000000
0.00000000000000000000
0.00000000000000000000
0.00000000000000000000
0.00000000000000000000
0.00000000000000000000
0.00000000000000000000
0.00000000000000000000
0.00000000000000000000
0.00000000000000000000
0.00000000000000000000
0.00000000000000000000
0.00000000000000000000
0.00000000000000000000
0.00000000000000000000
0.00000000000000000000
0.00000000000000000000
0.00000000000000000000
