0.62509176840807789688
0.37497107847114047319
0.16893779380752113606
0.15952170621891020863
0.14382507426544619000
0.13029879029438368176
0.11919467399985604616
0.10996390179023260436
0.10237720676481094906
0.09678487507222052755
0.09351171120372589463
0.08982112948165768551
0.08717300560682653132
0.08961834224145216743
0.08162538004474258202
0.07577706817928810124
0.08007240086399571022
0.08248413577586358181
0.08735586751744285616
0.06761229566793383605
0.07456096514925619756
0.07521657676751034027
0.05831560909702315082
0.06007658290803716966
0.04474141079687350003
0.05365697485945550987
0.04190295230847026348
0.06091943133363576096
0.03401765198606943041
0.03989807770387879954
0.03528433881513994008
0.02538093789114389751
0.02539132062625181624
0.01823977664890897785
0.01622943552324512470
0.01445937541020121328
0.01295197663899141580
0.01192779932654070528
0.01125333667436976583
0.01073937484486169394
0.01035530951606338304
0.01008394506069377333
0.00990434457871258202
0.00978558326327552512
0.00968515675497253967
0.00957080421256074725
0.00944811152282546730
0.00933525242857571359
0.00923088004978476345
0.00912577722543541324
0.00902287718430322579
0.00893450194318514725
0.00885933639367890956
0.00878256675542097090
0.00869416903307679463
0.00861489206720162000
0.00857195402297377188
0.00855107983118815612
0.00849709148715552948
0.00837728027163667059
0.00822507958634028681
0.00805443594815460386
0.00786502594204454251
0.00765799981384764072
0.00744365939056715505
0.00727639670168610860
0.00727622545977342234
0.00742890195931501796
0.00804507005681086990
0.00990188356084425493
0.00599784102281046040
0.00591500580938295918
0.00566586750474953448
0.00554092542993772728
0.00549354120704241295
0.00542168231906466156
0.00542392275609655458
0.00531038789097526727
0.00563519833968854651
0.00517754883225557145
0.00802803386942847579
0.00506234984936794735
0.00991427540998156796
0.00623437675353530774
0.00499479006741221799
0.01623987101357772869
0.01670831936884847879
0.01551157249058367042
0.00506019833819804869
0.01721872276632467613
0.01462761233214617505
0.00523529588057512849
0.02009486484766631262
0.02114147045739621020
0.00527819532658552366
0.00691714955200095714
0.00482793395211248300
0.00496874637073895301
0.00511862711035283077
0.00406861138484310939
0.00423364710729606884
0.00508948176537669071
0.01790644812550112180
0.00969497323898587011
0.00573303115118098568
0.00599175050739869219
0.00531832197361486493
0.02448979693435208646
0.00456973912600924879
0.00561447117958923606
0.00775517133835109448
0.01015112993010042729
0.00388833999197656923
0.00433743984757914685
0.00833467031592432551
0.01037030805776053242
0.00944916883773111796
0.00421177769360307763
0.00491136086569951991
0.00456671526710107113
0.02932062412821475131
0.00830951171642354061
0.02838727115755278543
0.00657248756710416236
0.00989002850278361025
0.00474415566317863517
0.00619214942544292490
0.00851502815030999276
0.00760312850481637426
0.00998897058328478832
0.00970402112558757697
0.00951707600528717279
0.00942122608442107039
0.00934733098649339136
0.00937308771210779157
0.00968061606627451665
0.00831035806206547115
0.00946184502299807564
0.00492154903368952068
0.00943132714939200721
0.00619169910503336932
0.00865842787717392877
0.01952412534731898588
0.01008573857410800453
0.00797138911696811982
0.00847327927040913455
0.03434920385304539303
0.02983856742035074713
0.00886904780866546588
0.03593743394240988404
0.00999822570763616095
0.02806267407847557599
0.02305214509659422525
0.03667820065023207066
0.03048160440525795808
0.02382252180161333055
0.00959779127839941425
0.01142851317332445847
0.01474396241956788672
0.01436784711813425715
0.02213400455268669381
0.00867981817530951230
0.01858313147317666031
0.02762365338165828979
0.04028161728005094644
0.02888096460471837462
0.01199005315503004140
0.01658066301651119415
0.03656573716295535154
0.04505332743802194229
0.01279214474515169737
0.00491202049211960853
0.01252743221517921626
0.00631322770281943398
0.04488194629986577006
0.01241826958660172467
0.00895040264514863730
0.01025554223522944473
0.04374124294425828230
0.01280224256244034617
0.00984558981940082852
0.01054108222967730518
0.00688133589049708377
0.03580998997345060525
0.03948259108575930681
0.01415753317589835483
0.01040899820833663530
0.00917413417455080135
0.01219187657884030808
0.00665451076398349429
0.00819205033459971012
0.00703713080181636325
0.01470656692379705179
0.00987599019551115183
0.01412810250278322653
0.00966646362382381913
0.00603277046829589405
0.05845515885678346374
0.01587397499302350273
0.01297907772817188249
0.01855374464644238622
0.00438435647194149441
0.03012850508777866268
0.01369277918337612546
0.01191010520635845185
0.00497853508744690049
0.00507749200337008141
0.00783584121450102075
0.00872599429446612243
0.01249379646979347815
0.01052507270073901012
0.01806157041552942932
0.04103057352244666306
0.01301115223041104767
0.01786046921409416288
0.01131232747480784458
0.02476768142797619587
0.00910292492714587231
0.01665368736449929568
0.01943694140318709407
0.02558493871301118286
0.01398584403290527994
0.03009262171169562253
0.03608060528267208883
0.01499627994866501238
0.02003936541787524478
0.02233086066247301493
0.01354675562524443669
0.01687665911275063393
0.02599220732859581010
0.01435745133955320697
0.01389327103861559901
0.01315455771754612570
0.01145935354034456795
0.01282804431279829620
0.01187476637449090024
0.00927707672994919179
0.04702734965574990877
0.01504030341955074970
0.02182703472718769758
0.01880144352648705289
0.01072092532767776607
0.01004706001271042995
0.01086442495895997319
0.03264229902702572156
0.00782592952784857618
0.01067186359194977931
0.01866257544724008247
0.02711218815971809179
0.01569711099228399478
0.00809613750153564612
0.00528534862797643782
0.05315727132221374079
0.02317017251453760626
0.02070480966429815578
0.01072069911974456863
0.02254775941307412407
0.03108322703234435089
0.01975820293734365310
0.01341955871790439722
0.02634942709220898516
0.01269142516980182982
0.01476027133926629750
0.03087169977980375873
0.01053744437429560490
0.01651823431536234357
0.02345951568238223081
0.00932033036078181928
0.01648492232765620333
0.00781006855015966336
0.02358647526508197284
0.02777839731425173903
0.00904604455375492694
0.01059032406278337390
0.01065231739969082526
0.00735444827421792308
0.04770537017886899989
0.01221883789137159435
0.01388471787098382801
0.01592820504482961655
0.03705071256184200301
0.01407379692119205966
0.01448242019649335736
0.02323888557914640524
0.02291398321214485959
0.01566708629563730651
0.01879250744226472133
0.00864415277715622522
0.02054751029974927895
0.01136851110467825172
0.03362153697283190579
0.02271755443866502883
0.01722157283309697431
0.02415000936381910338
0.00884213405803033030
0.02884820411312958091
0.02921719356743747789
0.03023819380134552121
0.01275917774243640057
0.01929526878394523248
0.00969834795222670153
0.02842795158962025878
0.01470398425606696605
0.02680532023800439798
0.03012928371576263989
0.05312123713055610236
0.03049199078013421771
0.03402769409069943130
0.01070476718558975235
0.01931265574620566819
0.02935502142436986761
0.01343918994043343147
0.03025356976945353660
0.01183276632726154402
0.02521638265457524716
0.02414744670373931285
0.02543341538238324401
0.00615905378613708105
0.01107413246895766479
0.02589204330218933953
0.01232393275473075457
0.03601423268262453348
0.03662257418655639335
0.03055170850280546080
0.03038949764142595544
0.01845951528846842896
0.02516579912833353735
0.00939125730108594618
0.00808586078171590408
0.02731589693710715500
0.03100728089808052826
0.01319729655512477499
0.01433588093116163267
0.03377017206912277802
0.03023158212590204910
0.00956268364481913102
0.01079868220022593521
0.02911256340930157976
0.00724703748480521725
0.02621973219056528137
0.03392759791152123727
0.02069322241427561104
0.02895191473497692528
0.03566617874235426811
0.04085049544113879966
0.01235179602829391231
0.03012513737384666171
0.00577574150835988547
0.01273860349610579125
0.02366895533691912648
0.02861255403731922942
0.03353753145535434688
0.03084889355773967959
0.05258606655366097893
0.01349284310310258118
0.01138954251269899166
0.00895416433375543705
0.00805288913050798000
0.02041970076823590094
0.02561238477009177006
0.03131987658605077385
0.01050021925865618835
0.03651429076009453378
0.00976822563956608776
0.02025844180789273738
0.03226073311648593178
0.02132895338043330064
0.03117727161861362159
0.02996325689056205874
0.01047351253320107610
0.03231484071123233437
0.04091152903501513866
0.01408618227341151830
0.03553807801910534997
0.02283308105003074504
0.03852047397030409354
0.02629232959851502890
0.03553834510791185203
0.02256452266407021207
0.00890860877205002649
0.02340502177733989192
0.02638745286549482039
0.03150149911565501559
0.00914981599257566093
0.00674733347978357084
0.01251596139380876764
0.03595904623811219808
0.04393631702976619896
0.01519804487659288592
0.01521972062459869129
0.03495049908840412722
0.03260864404821067070
0.01722223520474587197
0.01682540755870313293
0.04201491851182888315
0.02540742845948380790
0.04943301516185114736
0.02583185912894079769
0.03831482192056134828
0.01268687076191565670
0.01967649029429401758
0.01097944838862073905
0.02602229288999807419
0.01792701199088410705
0.03885785748796238143
0.02520682798460470442
0.02678692119769367913
0.02001350767178957171
0.03304448518136313129
0.03599130622677686880
0.01475579796125795623
0.01547851195261237649
0.02921928893514261910
0.01971379561586953516
0.02793272315850191603
0.02514129604430110840
0.02447376627853042885
0.02148390306286412574
0.03408511894264477926
0.02860411991418036412
0.03314711499961633945
0.03397170760975310594
0.01383461633872853404
0.04790829602410438814
0.03151685467009018166
0.03119176704796445751
0.03252924369436285129
0.03492071470016348128
0.03476075991640883989
0.03735834124262128048
0.02628986458886932789
0.04341346251261522099
0.03662276628814952611
0.03803152658838167971
0.04098908161868063116
0.02646795639415507051
0.03454089035230441251
0.03176327909833003005
0.03938932283763249553
0.03056922538291510089
0.02040510891815206646
0.03323339263955307765
0.01940972976053085761
0.03139273217184939541
0.03143384398109389660
0.02606197063077780873
0.02664486335118232754
0.03351195860174367713
0.02737680802879709913
0.01968952712473635153
0.05139156979018787846
0.01301393867507959733
0.03927224528153704097
0.03807031388285401358
0.04386743936629543955
0.02419027242944547101
0.03015162093616080563
0.02565315305808293575
0.03899599488300135169
0.00759398370350838469
0.04035955572895152249
0.03917588340890069271
0.03217745595834355099
0.04494304024780148427
0.02677675317433866192
0.02605918939879517046
0.02931360880513103964
0.03467599331151451775
0.01831860510044951498
0.03280058767842567585
0.04195211807119052227
0.02605433018771889306
0.03125817549405297824
0.03896857051426542290
0.03314414529701221329
0.03127999305755511245
0.03429882004921411265
0.03961447841448796636
0.02274062709859483306
0.03348087834710495453
0.03354000916851612030
0.03025234777501095013
0.03997245311132548162
0.02443872766201609162
0.03312581965896356506
0.04193147317517100653
0.03167084458244116135
0.02477624498945456277
0.02509074419436433528
0.03551187701037382405
0.04681152590077714698
0.03416838721465945833
0.03582676735074544205
0.02798841853191692472
0.02882725123139599777
0.03646476353525392178
0.02253008810248569721
0.02475558768225770423
0.02198539436455529059
0.02722977286517328649
0.05418578690850674173
0.04557927011763453218
0.02214444044709357184
0.01220426860539746382
0.03430029598145793029
0.02103201777565098796
0.03758380795539908309
0.04283786690528249702
0.02126708002063750977
0.03266104021331792812
0.03525373795555870188
0.03481017174123390151
0.03884243829592157193
0.03939536285948148225
0.03411822238200255819
0.04317645506901165303
0.04563437130779650353
0.03158714816180537011
0.01259111099867107550
0.04299909615214709407
0.02679543405756608723
0.02777050932475525966
0.04275336553960444597
0.03625416925973047599
0.02048152766186938159
0.03791930217555527366
0.04579027697364277533
0.04220454828541801706
0.03027951097966975411
0.02431390866812703153
0.02322642650957626106
0.03959300836148166997
0.02733078939589326378
0.03194054203235591888
0.03513420576947180740
0.02583551000132699310
0.03734672338183824686
0.01824358055426629835
0.02807518930389013914
0.03006840552441365777
0.03832097003442261340
0.03563491684283993932
0.04878203509933431298
0.02616350747850141115
0.02873547321155447282
0.02572862195725354392
0.03975811053194745759
0.02757725574879017760
0.02543005775932029311
0.04097919162034751456
0.02357895518180909769
0.04257641184377845833
0.02584749256131885914
0.02329509689851189114
0.04440894554316135445
0.03825099996731891328
0.02370045275096915177
0.03300893316435193209
0.03134606391824328042
0.02538174626033840725
0.03605315496935189434
0.04431115310014772241
0.02358294172632659572
0.02192447385871348214
0.01038559311780324484
0.02864931432221825072
0.05621074807677674257
0.02956635025637468703
0.04179907866059554000
0.03411481113338392379
0.03081904851501763784
0.02158394403615990567
0.04441144008242351587
0.04027139994938701978
0.04933114660653914463
0.02493957119310852635
0.04347751865066128846
0.03480941289353566004
0.02618186088056068464
0.03881932207333380763
0.03526220414776169709
0.03953499144991046849
0.04721672290192336502
0.03192042054397806888
0.03471650138797340024
0.05013100479935326398
0.01726950212003125137
0.03485504408029211493
0.02950809503229361377
0.03507931900067515207
0.03412763764562619373
0.02595931451195553769
0.05869590741203754153
0.04855129577612626868
0.02448960816534637500
0.02553139576541205505
0.04572270800768458293
0.01882083593851694228
0.02849891900370391667
0.02460394194920015667
0.03503095516269859322
0.03999151500068514470
0.02658812460010834267
0.03465005517903889387
0.02196331861178973943
0.03514757673705903168
0.02358894336233129108
0.02368243595127885251
0.02322915317893094536
0.06199264131319101589
0.02664854789937487478
0.02158557231576828730
0.03473813464257451827
0.01914277776069530160
0.02390703236644079951
0.03449278153090681170
0.03904372261352252044
0.03202908700823750565
0.03420341110467697843
0.02215086749167426844
0.08061130443531470957
0.02810797438499436016
0.02579996252436470711
0.03580778926826533315
0.03987909710905724464
0.02612253051497322870
0.01208009938565102193
0.03941419867011381611
0.03748247423516624238
0.02664739274517107653
0.02230474090840565277
0.02504565327340605926
0.04152361203747059054
0.03149665894459532239
0.02528228152305707702
0.04210852553069013154
0.02300725614001263020
0.03724847212580507938
0.02544098024590944057
0.03664653591838742952
0.05440161902421593310
0.03904747280394489650
0.02784458779459301342
0.01371058266340900202
0.02810329387746929655
0.05162856875322788253
0.03448111205501899063
0.02333806570370352759
0.06926477982610899919
0.02590274911107091210
0.02198427313954423243
0.03680775699072489499
0.03901355501060805447
0.02066793568538770332
0.02540539684059640868
0.02491837545052333347
0.02432024377944275173
0.02427911190506192377
0.02402482747514786757
0.02689106869569718797
0.01167147931314558434
0.02380571285585619118
0.04311738044951393678
0.02014123231465346150
0.01773634384293294730
0.03873767988917741628
0.06001191482923771969
0.02375110053878026414
0.03263229204532538952
0.02619895668411233863
0.02632639076372149736
0.03180673220287746905
0.02880497171383873678
0.03034202756218209313
0.02158814815582899699
0.02161360381948982529
0.03091451493541820875
0.04764789640475342036
0.02700244157233765846
0.02218103544966098031
0.02466464186405746897
0.03217592863975685114
0.02502446311904574922
0.03418287749937910791
0.03935999165130719957
0.02988564211319320874
0.02378838899174753538
0.03608097043464058434
0.02478442503321535290
0.02760337649457490772
0.02250938146508916007
0.03443860882251136707
0.04009014482670940349
0.03650599188791645022
0.02566217215071648836
0.02901409120429554456
0.04156608066245184863
0.03911353420515387841
0.02329927648036953999
0.02300955071470408425
0.03590597908155273438
0.03144154920055236557
0.02295429884551739366
0.02970331877715729971
0.02358785647033695074
0.02087077790333130220
0.02513650408464037159
0.04690685114047955101
0.03870221385825764471
0.02164619917482620698
0.02481069489711711443
0.04255148939494172999
0.02016226605767201113
0.04175882942637697270
0.03933017152887472584
0.02954661213911410206
0.02383505123044586671
0.03263401242896838556
0.02584243910900118832
0.03923293915976634738
0.01630530285918356179
0.04039679706485491822
0.03431540920070317441
0.02430818488788163284
0.04591863791107020365
0.02681107639586409463
0.01941133045076085320
0.02514437185736206545
0.03857972006685909949
0.03412082322867863310
0.02518667976493861593
0.02415862951849571602
0.03982609311024229437
0.02614776911342492349
0.04066752243095664299
0.03005382126339457144
0.02863844149069520728
0.02760702500908570473
0.01925104907666370241
0.02858478051413633828
0.02328397853073132379
0.01972413350190183740
0.04013631210938806149
0.01732225146597882529
0.03330229036377816559
0.02861891647055628610
0.02022739536241372621
0.04559421201731233414
0.02492844535986735860
0.03149902295895257859
0.03430363879854801679
0.02562526911093015308
0.02670295676056622797
0.02786590571401479852
0.01912907131744262176
0.02489742787642114374
0.03111269145782641701
0.05247490091334603562
0.01919224150515976349
0.02944097702371106448
0.01994342944349589489
0.02318273732928196468
0.02892960176096438102
0.02195547100895080608
0.03376553437966037241
0.01835600335938389685
0.02426344187378667167
0.04360520629192952968
0.02746969439708135327
0.04002273827230180825
0.03155419319549829238
0.04070162164588420756
0.02191151479738175090
0.02938580321996596065
0.02482284424691893684
0.02700448452930084495
0.04549406575707938549
0.04548703296264976215
0.04509735072727900224
0.01977377805710648501
0.02717910795699883877
0.04532469297583205381
0.02786733154880318211
0.03896712166728091148
0.03356130680090522317
0.03769333296206540257
0.02473688547793455317
0.01941225488606034347
0.04108605238813014399
0.04029858586118011815
0.02214170151998389596
0.04529515185028913649
0.03675795412866444262
0.02273241700450218117
0.03042997821679460993
0.02464659667488786413
0.02517545024162156503
0.04018020558559767808
0.01815522450213638908
0.04454705564790113065
0.04283701695742051646
0.02325724812385965984
0.04709719290052873791
0.03280093740980766920
0.03394689586843409324
0.05239408470191143918
0.02304468344037690145
0.02759803623339325204
0.03022072266084023517
0.02090376489864596496
0.04021995443178639357
0.03023664322807902149
0.02628344031820762164
0.01335878085826742827
0.03343159977218320561
0.02002280527718639305
0.02442875336339334069
0.02906486058142065954
0.08126550850776720347
0.03295286051508074937
0.03681305889968978368
0.03153268876248126185
0.03238125446518113487
0.02592654065717061793
0.03032121098297665268
0.03132683358005766694
0.04204412792103109919
0.02563362916793639548
0.04360153144237879919
0.02328327372988419491
0.03777415475319219340
0.02261813563493884904
0.01996885380540574031
0.03040461757103250784
0.02962965331608350891
0.03581875750525861241
0.02128983153738718895
0.01776594779750221079
0.02916841027024211913
0.05624199262726938681
0.02620124409053267017
0.04077732234648320103
0.02876516615493514284
0.02418002397748423779
0.04424766779019541352
0.03229792078666116062
0.08052292217792954288
0.03985371301362249791
0.01963002137992206700
0.02739743402217191190
0.03784368729991758468
0.04099772854267558914
0.01353922537916287146
0.01793382106283985047
0.03472053030946165020
0.04231168918920655969
0.02241124210901733471
0.04049723133180231638
0.02732353707266634013
0.02849055293243072176
0.03989079749634020372
0.04210881844636792104
0.02720529366450381847
0.02743214381998976270
0.02670034683005077791
0.02606013871947795643
0.02397297609561351711
0.02326101157986530665
0.02287023678690673287
0.04169290611760442106
0.02651715476039369357
0.02123391288981806360
0.01725816620904509907
0.02734325068846940252
0.02512296587264434625
0.03642420896617697135
0.03336412474182950255
0.03742475972099870707
0.02441696386731794302
0.01747364319734683383
0.01793994250639298002
0.04470076197315913519
0.02514838135873223232
0.01123580721781715711
0.02040559207576512352
0.02699055369889231254
0.02346735479317630865
0.01729648421301251127
0.02583441055436945868
0.02190925612949442061
0.02364609213182911063
0.02346510984123565888
0.04395472382722193788
0.02247418474541016190
0.02194844025994940190
0.02184064433996535382
0.02335083702588360011
0.03419218368691670507
0.02631514625254506232
0.02251742476387005518
0.02188706728363297091
0.02300196383460716837
0.03532255594675596383
0.03112416506362892382
0.02222708931027876297
0.02179761608969334533
0.02300716715671875107
0.03525893309844899820
0.02707870946735193088
0.02215956772360412608
0.02199988529824419350
0.02280305237262883825
0.01763966827815876409
0.02171708486819578371
0.02287093535787271953
0.01921445614669549731
0.02222710005157513616
0.02175277409392966169
0.02262261790809389980
0.01749658739251195097
0.02355080850348612378
0.02125825452489264397
0.02226233422949829358
0.02707519829752782700
0.03970723721071712370
0.02188388213317310829
0.02224235877857488886
0.02360259309350742213
0.02180925739735240648
0.02220607463307616020
0.02823310658385545097
0.02720081242506022789
0.02707258129243307263
0.02373307021851646381
0.02159326987823125682
0.02193905748346426654
0.02931404555575617063
0.02695464601067740565
0.02718017722722281676
0.02684972875954785496
0.02661732062279379904
0.02174537451084998865
0.02162137136142645161
0.02229841390834817402
0.02184092657023466860
0.02159485231184941206
0.02178383988210111713
0.02899666635647967991
0.02159591356917121494
0.02163812223116957228
0.02172946669091322877
0.02159846178765378183
0.02162887535850990459
0.02176312670348274497
0.02161865822156097336
0.02184872125863512871
0.02162632725695086411
0.02209071632343998642
0.02164853052174226314
0.02217771485904587031
0.02166521741580101565
0.02188423792216586533
0.02166409652830523710
0.02198911049927386799
0.02168145874867909509
0.02184114877959006037
0.02170785162604887270
0.02179651321118307103
0.02175146710868510261
0.02179357785866993524
0.02180280487198034065
0.02183069174640244955
0.02185926248337375158
0.02189366052783115607
0.02193363409071193496
0.02198015840895789497
0.02203496333738229340
0.02210241749693031207
0.02219734611068236926
0.02241108168576362927
0.02896105755088860048
0.02158116292860889560
0.02938493773068828405
0.02153652996450682727
0.02820142771542624022
0.02762223539064245434
0.02214705116464317849
0.02798888417589103644
0.02590199943734558877
0.02697340047319549822
0.02937862933456830347
0.02152000012537411480
0.02762046782495591532
0.02740670739313521426
0.02155310261085088136
0.03006668539828270467
0.02715424789970218369
0.02979288878434753485
0.02154610125274690480
0.02807120616245651137
0.02733937223590254470
0.02970969617780943109
0.02629082129725487244
0.02748012431878796985
0.02879704675370514319
0.02729307524179449065
0.02744413317886236839
0.02829534310481026174
0.02744085352157370206
0.02408489842839715497
0.02201585853185511477
0.02787220015510859586
0.02754012924086656280
0.02742014420132675434
0.02772253144053386104
0.02723721583196762192
0.02915282955877977061
0.02653141417398905896
0.02170835201270356757
0.02787697687262649313
0.02750161598384429432
0.02740952317611518654
0.02764769587636885587
0.02716609309310245163
0.02157838249663704758
0.02798947698762035280
0.02760316551463676965
0.02719938398055681689
0.02156827700133811393
0.02780576046283822489
0.02739186574726658330
0.02760167844465416520
0.02723057397480793673
0.02173043975623540833
0.02758886776157722098
0.02746144958667074212
0.02743270450965257581
0.02719608496691655261
0.02329519222297297271
0.02159443001206967638
0.02783561126044010667
0.02724384676726401486
0.02174352304321993529
0.02764016558792601122
0.02757836776520178682
0.02735725950252251154
0.02313449871191672683
0.02738661650127311234
0.02759310377812959972
0.02753736522454115071
0.02685791509180167347
0.02709757372505447112
0.02168858448321809088
0.02750577748230668279
0.02756645814432485964
0.02738544233000959893
0.02704616096265623909
0.02695891563087200737
0.02710074241431708469
0.02264999205151701014
0.02749998349913283791
0.02740950562267746929
0.02731411854316189922
0.02732046029764294975
0.02703865920626996253
0.02182237214574278203
0.02726496384238315945
0.02167352355723193777
0.02735331102548364465
0.02210808644373305279
0.02748515899841326784
0.02731789256407414837
0.02730172440888822133
0.02724924048581456662
0.02715238451789995372
0.02694637820994068983
0.02159305266415058669
0.02767963094127399645
0.02675469730139165905
0.02704526822823251700
0.02792184692076756999
0.02162968383159417918
0.02710115539108365681
0.02159058153301129240
0.02728547922300716966
0.02158041345963667562
0.02733285535655694681
0.02155547326338141251
0.02741869115432325407
0.02178131212390797128
0.02804125663486387379
0.02394298754613394947
0.02161546452800660115
0.02944282575585915884
0.02670893706776813689
0.02751197916391483200
0.02240450141929679895
0.02838425503561300620
0.02200433740971364724
0.02232251278363405964
0.02186008926850071393
0.02338244637466104642
0.01844488381646353092
0.02501759840787859748
0.02034340276710253428
0.01841115428790595504
0.02350316970725803770
0.01971341409425288876
0.02180273290684234949
0.02411707685182339078
0.02173989472957459437
0.01895555447313749739
0.02871040163855120494
0.02244916222115121707
0.01797394101327221688
0.01807908907050452887
0.01834371961989674296
0.01818101461932590535
0.01822602700628152272
0.01823403610346799666
0.01821299393804801450
0.01819911038656278623
0.01834275475503804181
0.04118037049746046258
0.02217775535122813724
0.01810723539223500073
0.01851933396514560473
0.04265373824834225308
0.03237554618335216489
0.02165248418060339991
0.02282737631289502231
0.02321162568665702600
0.02762322799834831047
0.02749012462934813036
0.02192500363566077595
0.02449990138367317410
0.02765461285396512980
0.02743853123374835959
0.02799382826199449045
0.02247784096011663443
0.02839223635307142404
0.02376367838998342738
0.02786820467424689154
0.02166043960734843898
0.01836534024126795089
0.02271473266798484936
0.02529788692949485121
0.02776420984367542616
0.02167741564148866623
0.02794152888290958592
0.02795145469711916159
0.02351370296092058707
0.02137385688249855004
0.02251854176993435194
0.02195460405092428818
0.02246362607112501256
0.02842274062804588108
0.02175898348698842091
0.02267550849759076073
0.02843876229733259542
0.02172617361042844530
0.02254138891474472342
0.02846146352459684448
0.02176887386913215969
0.03314527240248202333
0.02796222246074334464
0.02717405948029738907
0.02110226410363486363
0.02266401660487291775
0.02778498240590848711
0.02205565012966601360
0.02831562174960986986
0.02193438252138472586
0.02829436722318364600
0.02194330712807519498
0.02822276481591540903
0.02180048008755332972
0.02823859747265552653
0.02197185612193780849
0.02797443437497238589
0.02210158995627162573
0.02823086288957375040
0.02200456130766544754
0.02230342379013014117
0.02830977919640825444
0.01863892965494873960
0.01887676603135111583
0.02419608526737759488
0.02283273185100854683
0.02176599668472951193
0.02189358785083979353
0.02358319550001883660
0.02828241933070549038
0.02199523758034042237
0.01869779902692992810
0.02766543037894063362
0.01850391652209624690
0.02789695949100344866
0.02477024157368648907
0.02722099461689238969
0.02255700890701427264
0.02458684084601527389
0.02725583155811920830
0.02174694937365405714
0.02230238587109163728
0.02819448827803761395
0.02162730541425426575
0.01856339075235001815
0.02398010856948346731
0.02743855899590518649
0.02169317218932433414
0.01852126366267977178
0.02317371695490224107
0.02723703784160892705
0.02218002527705785834
0.02717951819828708440
0.02720829765979811826
0.02784303108467256482
0.02277874740035589970
0.02434005088514906712
0.02725851596216236766
0.02162080847084357077
0.02819764238478366519
0.02232948997166184571
0.02602451309263002430
0.02784490576973325249
0.02152088026389318079
0.02226378724806855197
0.02800284218058505387
0.02089042208619405414
0.02265809272945953565
0.02799760179495384277
0.02126841712716142502
0.02716343073119900989
0.02711973765181755966
0.02189122986177443816
0.02817910523393656400
0.02395812684857669128
0.02805498885807239731
0.02419340573923229459
0.03300442772316353884
0.02782624434399172397
0.02176744085854509514
0.02800608792837308916
0.01918150900853863097
0.03355333402139978188
0.02419304109505394235
0.02158301509635899423
0.02738356039999606528
0.02178627786393640478
0.02446892457304173166
0.02042634430453194039
0.02760046454396229004
0.02175580709052883296
0.02706445202363918015
0.02279465609996499803
0.02699100006167676202
0.02766790686795940132
0.02222066976161871793
0.02224440623637391132
0.02204963916086855047
0.02720676295453270180
0.02163200224813243561
0.02303935399675412568
0.02184182787628489997
0.02203474809595059453
0.02559679700663498175
0.02549424348438754373
0.02413164321342321089
0.02207072380644287818
0.03182575364017650732
0.02617897100876835983
0.01928475440644208255
0.02736217620749423901
0.02791331116217771885
0.02189358937448664805
0.02269697958212099978
0.02301575301344490135
0.02235613550771233665
0.02695007375997158020
0.02209323419075287856
0.02549851203457374760
0.02500602070035821620
0.02246561424871056090
0.02223693309040227981
0.02721657831578105577
0.02292508946837756856
0.02196551275090484825
0.02175637148684841232
0.02713278236417138861
0.02803797533452252050
0.02501079600354239735
0.02293643820187518320
0.02652296080812767062
0.02796648568282896624
0.02373340005413620071
0.01961343687756426576
0.02410169021533905415
0.02361487225827404654
0.02266476576516772770
0.01946922347453348967
0.01908455910952041104
0.02420022360784671381
0.02312313859373982955
0.02687412069741739254
0.02207311767458578280
0.02586132342221819994
0.02757517108005865664
0.02764280635838147274
0.02173232719005665364
0.01859490478644052966
0.02646336992229875174
0.02387138086239063220
0.02771619252748546564
0.02181492836935834678
0.02206114715534699539
0.02189156214917408610
0.02780060323949592321
0.02174794110628119892
0.02171484101105362538
0.02255556349569274449
0.02749292383661900221
0.02744342872735719766
0.02158894314427029990
0.01832458822932973505
0.02826966477015065496
0.02305840958290881690
0.01889734951974240962
0.03727213060655980986
0.02067908209910191905
0.02398091250565698163
0.02181030117106238023
0.02063164268741075197
0.02347051761403309150
0.02778213578773014794
0.02312559560716372087
0.02536956834543354147
0.01980981720469399132
0.03182510945245058814
0.02216203571031950120
0.01950217571781794751
0.02547407986892341256
0.02212986338848673892
0.01945223256694323874
0.02465864347439763668
0.02736716830381668089
0.02106421666390973987
0.02735535877768850016
0.02821108793731344141
0.02164969316061802346
0.02514250641634373576
0.02166606769972839394
0.02706505840811855926
0.02374993932779071934
0.02196725963042490265
0.02348922110174491568
0.02407359853844508180
0.02719215720604108155
0.02788573207041050023
0.02435400395496539402
0.01968102417231646500
0.03463761494813780151
0.02796565041571364568
0.02231349209681834228
0.02584170647988457553
0.02776539023368868736
0.02301441970692096398
0.01910860983497431748
0.02256612348430086026
0.01913182331140016873
0.02286743598794127585
0.02240070728186953353
0.02797349502975358948
0.02333471972190273927
0.01867100074256933251
0.01935533031858409359
0.02264868039974291675
0.01860922601493924383
0.02817069217657674346
0.02166926427820140347
0.01850768105324416754
0.01849458267832134947
0.02157590708396980167
0.02762787982481739943
0.02301948629743039501
0.01960880284536636181
0.02722503246033173077
0.02077020124905709988
0.02537832510999010055
0.01963340639568109808
0.02306335199134314576
0.02724450113033826879
0.02130494128823699762
0.02269913331130112011
0.01948308772490970481
0.02779756199923778814
0.02784367791956167057
0.02423012620554571700
0.01857025336671116328
0.02236132272199099422
0.02183393940295839247
0.02701828378380241244
0.02066887209501925074
0.02679234203015361596
0.02265447795483066171
0.02172194974768913017
0.02591451677377062598
0.01839131052370734584
0.02786850801627016941
0.02148762481281224143
0.02228227844021105422
0.02221533856616815517
0.02244474631389890840
0.02236630842143586331
0.01920099503627201512
0.02691969946675955294
0.02401917276018850772
0.02437744417568104768
0.02134638052450191573
0.02245009176683089927
0.02271544686655687512
0.02034672963955884428
0.02193018951888282830
0.02756804793778632953
0.02208969143776202612
0.02704224998591184606
0.02783766403148447630
0.02169363368133476327
0.02170700229787232358
0.02246415830851527032
0.02707548598465858714
0.02163501353050202580
0.02239032278827566419
0.01830618821896199885
0.02805142920824184663
0.02330207336464871354
0.01875713758037542492
0.02257435641046839914
0.02818533872852922728
0.02171700985453859853
0.02150979657517853791
0.02327812942073915342
0.02204950953833139174
0.02821783040557529140
0.02426217650765786701
0.02568337086809299036
0.02692456259488822459
0.02741261192603112670
0.02182870673165620765
0.02711262452618308505
0.02134255049102334531
0.02251181149723416666
0.02520643641066247151
0.02729605159633730418
0.02048767924391285689
0.02702365635396381319
0.02786833917969692292
0.02090548211967736478
0.02239554066619459799
0.02887316683352159769
0.02735940907997274490
0.02539227284222548425
0.02771742455534308841
0.02481059156024933640
0.02135785886741746117
0.02273519797100573628
0.02224809017349764842
0.02782546152889645713
0.02459564717355358296
0.02356381901044901986
0.02059131640485324308
0.02768298841902680843
0.02169282858581346105
0.02839553802694436482
0.02728374038886991620
0.02164123176727446654
0.02689418469826614783
0.02059806826473565763
0.02299279692329709093
0.02159379748899507498
0.02968639117271113306
0.02667618828360267258
0.02209955327275722053
0.02241486850406481171
0.02684918363650168338
0.02794097440966582246
0.02220855209617996276
0.03013694785577880619
0.02645038813329406852
0.02268297088172869375
0.02973746650800119032
0.02657198892170345092
0.02764088681717298546
0.02206291970194150867
0.02089655452240406913
0.02776324154338355790
0.02288570301017673822
0.02236575581573644472
0.02856081608206888917
0.02752158332201525351
