0.43035997595845770780
0.46609611045726739853
0.46490245897161569522
0.46348210597049449566
0.46087513539277324970
0.45410936699970305686
0.43414463631841337943
0.41600237298872932978
0.40716207827848216461
0.39804909000253790863
0.38290529700207570629
0.36068070333032747898
0.33414520114389845151
0.32126622524994175034
0.28999953663860900122
0.27646238796224137380
0.26715674637499703392
0.26092447791499340237
0.26156250612313275417
0.26162608417581828535
0.26163394794196243032
0.26162593226298525018
0.26161087045457193101
0.26159148391175307546
0.26156856023082653007
0.26154205399713276181
0.26151141648622533431
0.26147565227366703633
0.26143322305924671101
0.26138179291810431648
0.26131771121453251094
0.26123494577403955086
0.26112266651860205346
0.26095888698455949051
0.26068941462922617935
0.26012612194103268415
0.25747191559732884869
0.24984965195627051315
0.25116393637974715469
0.25388516502347674431
0.28154422871479595214
0.29245158747566463164
0.29341619552361636325
0.29352575415248860491
0.29360732635556885395
0.29366838634389863527
0.29371476146902675275
0.29375098633335827714
0.29378002173823969390
0.29380380276387096927
0.29382363272162553836
0.29384041814233169410
0.29385480824434001557
0.29386727997361511422
0.29387819155343397615
0.29388781726590540444
0.29389637068959634236
0.29390402062162340746
0.29391090223554039440
0.29391712505921402387
0.29392277878249778444
0.29392793755399204692
0.29393266320672811753
0.29393700771206787703
0.29394101506913766775
0.29394472277578798103
0.29394816298541681654
0.29395136342528166429
0.29395434813178022981
0.29395713804391387924
0.29395975148585301584
0.29396220456205562899
0.29396451148288826882
0.29396668483460042243
0.29396873580444099483
0.29397067436937318607
0.29397250945507674702
0.29397424907055047516
0.29397590042257543130
0.29397747001346502538
0.29397896372487991590
0.29398038688996991352
0.29398174435569934815
0.29398304053687090986
0.29398427946311861403
0.29398546481989940027
0.29398659998438203544
0.29398768805692782058
0.29398873188880803031
0.29398973410665757422
0.29399069713411241089
0.29399162321099064910
0.29399251441034862653
0.29399337265367420091
0.29399419972445151039
0.29399499728029726553
0.29399576686384121249
0.29399650991249676180
0.29399722776726017193
0.29399792168063443309
0.29399859282379214864
0.29399924229305207657
0.29399987111575032195
0.29400048025556485554
0.29400107061735741842
0.29400164305158293931
0.29400219835830249115
0.29400273729085785179
0.29400326055921410795
0.29400376883303802611
0.29400426274450236486
0.29400474289087108470
0.29400520983686723175
0.29400566411685380430
0.29400610623684170220
0.29400653667634035759
0.29400695589006553554
0.29400736430951734945
0.29400776234443903867
0.29400815038416716618
0.29400852879888428326
0.29400889794077766926
0.29400925814511896794
0.29400960973126272213
0.29400995300357979367
0.29401028825232311537
0.29401061575443182550
0.29401093577428982773
0.29401124856442062416
0.29401155436615089567
0.29401185341021585096
0.29401214591733682013
0.29401243209875627116
0.29401271215673935311
0.29401298628504402011
0.29401325466936600872
0.29401351748774889883
0.29401377491097535621
0.29401402710293178533
0.29401427422095333108
0.29401451641614623211
0.29401475383369179983
0.29401498661313540950
0.29401521488865484111
0.29401543878931557519
0.29401565843931176669
0.29401587395819422932
0.29401608546108404241
0.29401629305887522214
0.29401649685842612403
0.29401669696274329580
0.29401689347114967621
0.29401708647945129504
0.29401727608008720871
0.29401746236227932485
0.29401764541216801607
0.29401782531294690104
0.29401800214498385877
0.29401817598594232051
0.29401834691089412388
0.29401851499242404042
0.29401868030073341487
0.29401884290373780928
0.29401900286715659805
0.29401916025460433923
0.29401931512766987797
0.29401946754600005729
0.29401961756737338138
0.29401976524777351241
0.29401991064145760468
0.29402005380102136378
0.29402019477746577092
0.29402033362025148389
0.29402047037736056545
0.29402060509535082877
0.29402073781940596398
0.29402086859338716351
0.29402099745988297119
0.29402112446024958325
0.29402124963466153007
0.29402137302214986780
0.29402149466064220196
0.29402161458700326602
0.29402173283707061513
0.29402184944568998670
0.29402196444674999487
0.29402207787321460453
0.29402218975715344040
0.29402230012977387252
0.29402240902144699541
0.29402251646173849231
0.29402262247943189433
0.29402272710255694665
0.29402283035841275671
0.29402293227359227457
0.29402303287400288756
0.29402313218489106728
0.29402323023086179843
0.29402332703589872942
0.29402342262338426737
0.29402351701611656454
0.29402361023633111214
0.29402370230571417409
0.29402379324542232686
0.29402388307609739204
0.29402397181788042513
0.29402405949043075584
0.29402414611293614666
0.29402423170412916864
0.29402431628230074612
0.29402439986531170302
0.29402448247060564146
0.29402456411522231994
0.29402464481580725675
0.29402472458862510818
0.29402480344956916092
0.29402488141417193468
0.29402495849761567381
0.29402503471474283891
0.29402511008006287918
0.29402518460776638776
0.29402525831172748871
0.29402533120551854751
0.29402540330241488942
0.29402547461540318174
0.29402554515719098172
0.29402561494021128841
0.29402568397663236821
0.29402575227836436067
0.29402581985706555123
0.29402588672414853299
0.29402595289078842233
0.29402601836792524592
0.29402608316627637519
0.29402614729633480550
0.29402621076838136860
0.29402627359248501016
0.29402633577851255975
0.29402639733613022965
0.29402645827481044272
0.29402651860383732796
0.29402657833230938511
0.29402663746914459164
0.29402669602308706409
0.29402675400270872341
0.29402681141641395790
0.29402686827244534085
0.29402692457888446320
0.29402698034365898350
0.29402703557454512584
0.29402709027917012241
0.29402714446501715395
0.29402719813942923555
0.29402725130960893907
0.29402730398262810763
0.29402735616542335917
0.29402740786480496826
0.29402745908745819836
0.29402750983994424550
0.29402756012870517877
0.29402760996006560568
0.29402765934023694649
0.29402770827531726772
0.29402775677129627807
0.29402780483405638323
0.29402785246937535035
0.29402789968292913914
0.29402794648029317859
0.29402799286694480951
0.29402803884826733682
0.29402808442954914137
0.29402812961598751018
0.29402817441268908061
0.29402821882467511383
0.29402826285687844177
0.29402830651414985086
0.29402834980125708286
0.29402839272288799899
0.29402843528365096848
0.29402847748807703354
0.29402851934062346206
0.29402856084567147166
0.29402860200753139219
0.29402864283044116700
0.29402868331857068274
0.29402872347602027059
0.29402876330682570227
0.29402880281495563652
0.29402884200431489425
0.29402888087874640144
0.29402891944203052299
0.29402895769788861546
0.29402899564998163928
0.29402903330191371145
0.29402907065723193902
0.29402910771942730728
0.29402914449193734425
0.29402918097814390030
0.29402921718137903229
0.29402925310492139532
0.29402928875200062819
0.29402932412579535493
0.29402935922943690406
0.29402939406600836492
0.29402942863854669708
0.29402946295004150912
0.29402949700343922190
0.29402953080164179189
0.29402956434750687764
0.29402959764385028230
0.29402963069344595359
0.29402966349902670551
0.29402969606328577257
0.29402972838887664331
0.29402976047841322682
0.29402979233447323892
0.29402982395959470496
0.29402985535628139990
0.29402988652699862948
0.29402991747417817070
0.29402994820021688405
0.29402997870747576981
0.29403000899828518611
0.29403003907493990843
0.29403006893970312641
0.29403009859480766508
0.29403012804245404199
0.29403015728481068924
0.29403018632401861643
0.29403021516218691422
0.29403024380139736182
0.29403027224370159587
0.29403030049112444111
0.29403032854566185650
0.29403035640928310013
0.29403038408393122882
0.29403041157152298712
0.29403043887394819667
0.29403046599307219866
0.29403049293073529880
0.29403051968875337785
0.29403054626891766965
0.29403057267299559374
0.29403059890273269827
0.29403062495984971791
0.29403065084604568247
0.29403067656299730626
0.29403070211235898812
0.29403072749576453226
0.29403075271482581599
0.29403077777113462155
0.29403080266626080430
0.29403082740175656706
0.29403085197915151960
0.29403087639995761915
0.29403090066566656136
0.29403092477775244484
0.29403094873766966177
0.29403097254685378603
0.29403099620672473735
0.29403101971868195186
0.29403104308410843437
0.29403106630437092495
0.29403108938081762291
0.29403111231478162857
0.29403113510757894478
0.29403115776050875452
0.29403118027485497521
0.29403120265188648075
0.29403122489285599128
0.29403124699900023975
0.29403126897154313601
0.29403129081169143699
0.29403131252063929857
0.29403133409956550004
0.29403135554963510945
0.29403137687199931705
0.29403139806779526877
0.29403141913814745401
0.29403144008416609578
0.29403146090694937120
0.29403148160758130203
0.29403150218713447472
0.29403152264666887472
0.29403154298723116478
0.29403156320985596173
0.29403158331556739080
0.29403160330537536638
0.29403162318028169819
0.29403164294127259737
0.29403166258932578181
0.29403168212540709003
0.29403170155047153589
0.29403172086546208730
0.29403174007131271939
0.29403175916894669362
0.29403177815927561412
0.29403179704320198118
0.29403181582161802554
0.29403183449540509775
0.29403185306543683231
0.29403187153257442921
0.29403188989767214956
0.29403190816157342979
0.29403192632511199189
0.29403194438911411934
0.29403196235439549300
0.29403198022176391113
0.29403199799201773512
0.29403201566594583394
0.29403203324433174748
0.29403205072794647013
0.29403206811755605576
0.29403208541391595565
0.29403210261777457113
0.29403211972987264300
0.29403213675094219681
0.29403215368170859678
0.29403217052288849187
0.29403218727519081499
0.29403220393931844834
0.29403222051596511477
0.29403223700581876399
0.29403225340955951861
0.29403226972785961868
0.29403228596138569761
0.29403230211079767198
0.29403231817674663207
0.29403233415987817256
0.29403235006083205949
0.29403236588024034281
0.29403238161872929934
0.29403239727691760086
0.29403241285541908967
0.29403242835484055817
0.29403244377578297009
0.29403245911884062780
0.29403247438460328178
0.29403248957365291094
0.29403250468656710881
0.29403251972391691860
0.29403253468626755485
0.29403254957417923610
0.29403256438820601915
0.29403257912889713133
0.29403259379679563823
0.29403260839244022007
0.29403262291636272918
0.29403263736909135417
0.29403265175114851049
0.29403266606305078490
0.29403268030531148902
0.29403269447843732864
0.29403270858293056866
0.29403272261928875553
0.29403273658800505030
0.29403275048956639681
0.29403276432445696331
0.29403277809315564451
0.29403279179613589500
0.29403280543386739465
0.29403281900681516037
0.29403283251543971266
0.29403284596019818586
0.29403285934154127501
0.29403287265991856492
0.29403288591577231292
0.29403289910954177877
0.29403291224166328011
0.29403292531256697284
0.29403293832268095898
0.29403295127242801144
0.29403296416222801657
0.29403297699249553165
0.29403298976364261597
0.29403300247607677687
0.29403301513020319025
0.29403302772642092577
0.29403304026512744329
0.29403305274671626135
0.29403306517157540290
0.29403307754009272434
0.29403308985264914321
0.29403310210962496640
0.29403311431139544929
0.29403312645833223904
0.29403313855080487338
0.29403315058917883773
0.29403316257381678644
0.29403317450507721054
0.29403318638331615853
0.29403319820888718095
0.29403320998213872128
0.29403322170341877895
0.29403323337306908059
0.29403324499143157489
0.29403325655884338108
0.29403326807563839873
0.29403327954214891760
0.29403329095870334164
0.29403330232562868707
0.29403331364324619690
0.29403332491187694764
0.29403333613183846307
0.29403334730344510284
0.29403335842700956126
0.29403336950284042484
0.29403338053124505880
0.29403339151252716466
0.29403340244698816797
0.29403341333492655219
0.29403342417664030117
0.29403343497242129256
0.29403344572256190359
0.29403345642735095877
0.29403346708707528423
0.29403347770201831990
0.29403348827246167385
0.29403349879868556638
0.29403350928096588790
0.29403351971957791822
0.29403353011479421708
0.29403354046688456869
0.29403355077611681434
0.29403356104275707450
0.29403357126706802793
0.29403358144931251994
0.29403359158974773369
0.29403360168863235113
0.29403361174622039131
0.29403362176276515161
0.29403363173851732038
0.29403364167372531002
0.29403365156863653374
0.29403366142349507406
0.29403367123854456944
0.29403368101402471702
0.29403369075017526946
0.29403370044723242671
0.29403371010543205566
0.29403371972500641496
0.29403372930618759673
0.29403373884920525061
0.29403374835428591760
0.29403375782165647179
0.29403376725154012350
0.29403377664415997206
0.29403378599973567509
0.29403379531848689021
0.29403380460063016644
0.29403381384638005436
0.29403382305595204826
0.29403383222955653542
0.29403384136740512433
0.29403385046970520467
0.29403385953666461017
0.29403386856848928721
0.29403387756538224007
0.29403388652754608446
0.29403389545518165971
0.29403390434848836188
0.29403391320766331107
0.29403392203290346085
0.29403393082440243411
0.29403393958235457539
0.29403394830695084305
0.29403395699838064115
0.29403396565683453945
0.29403397428249911094
0.29403398287556098412
0.29403399143620329026
0.29403399996460966026
0.29403400846096294785
0.29403401692544217649
0.29403402535822747987
0.29403403375949554999
0.29403404212942324536
0.29403405046818709145
0.29403405877595811813
0.29403406705291074141
0.29403407529921521402
0.29403408351504234375
0.29403409170056044042
0.29403409985593703668
0.29403410798133799986
0.29403411607692847562
0.29403412414287261045
0.29403413217933221935
0.29403414018647017203
0.29403414816444500834
0.29403415611341643388
0.29403416403354221131
0.29403417192498010335
0.29403417978788443099
0.29403418762240995932
0.29403419542871106485
0.29403420320693890444
0.29403421095724546763
0.29403421867977963533
0.29403422637469145418
0.29403423404212908343
0.29403424168223896151
0.29403424929516691622
0.29403425688105755409
0.29403426444005592577
0.29403427197230325163
0.29403427947794219532
0.29403428695711297802
0.29403429440995654254
0.29403430183661005692
0.29403430923721191048
0.29403431661190021495
0.29403432396080925182
0.29403433128407441277
0.29403433858183003480
0.29403434585420945568
0.29403435310134379277
0.29403436032336555117
0.29403436752040390534
0.29403437469258925097
0.29403438184004920819
0.29403438896291195226
0.29403439606130438166
0.29403440313535234019
0.29403441018518033934
0.29403441721091350125
0.29403442421267433904
0.29403443119058547683
0.29403443814476931673
0.29403444507534615138
0.29403445198243544079
0.29403445886615703353
0.29403446572662939040
0.29403447256396991749
0.29403447937829557679
0.29403448616972216456
0.29403449293836547707
0.29403449968433870154
0.29403450640775730118
0.29403451310873257585
0.29403451978737799033
0.29403452644380390080
0.29403453307812266182
0.29403453969044240912
0.29403454628087294376
0.29403455284952367821
0.29403455939650069428
0.29403456592191284935
0.29403457242586594766
0.29403457890846534939
0.29403458536981608162
0.29403459181002244982
0.29403459822918920352
0.29403460462741776160
0.29403461100481070867
0.29403461736147040728
0.29403462369749738814
0.29403463001299157131
0.29403463630805315443
0.29403464258278061427
0.29403464883727331580
0.29403465507162812598
0.29403466128594185625
0.29403466748031203970
0.29403467365483382245
0.29403467980960268369
0.29403468594471321440
0.29403469206025928395
0.29403469815633448414
0.29403470423303174064
0.29403471029044386809
0.29403471632866123864
0.29403472234777605632
0.29403472834787774959
0.29403473432905735674
0.29403474029140402868
0.29403474623500619467
0.29403475215995200642
0.29403475806632989320
0.29403476395422623035
0.29403476982372805937
0.29403477567492164457
0.29403478150789230661
0.29403478732272375629
0.29403479311950331265
0.29403479889831241056
0.29403480465923526044
0.29403481040235546207
0.29403481612775472787
0.29403482183551449269
0.29403482752571730163
0.29403483319844320176
0.29403483885377290630
0.29403484449178629578
0.29403485011256297321
0.29403485571618098726
0.29403486130271999643
0.29403486687225721674
0.29403487242487030828
0.29403487796063676463
0.29403488347963208094
0.29403488898193291812
0.29403489446761515991
0.29403489993675391290
0.29403490538942383958
0.29403491082569926940
0.29403491624565308848
0.29403492164936051445
0.29403492703689293464
0.29403493240832340172
0.29403493776372419122
0.29403494310316696803
0.29403494842672239784
0.29403495373446164596
0.29403495902645510052
0.29403496430277248352
0.29403496956348401659
0.29403497480865814495
0.29403498003836414654
0.29403498525266963393
0.29403499045164321890
0.29403499563535173689
0.29403500080386268944
0.29403500595724302302
0.29403501109555918447
0.29403501621887634387
0.29403502132726111462
0.29403502642077777862
0.29403503149949100637
0.29403503656346663409
0.29403504161276738937
0.29403504664745744313
0.29403505166759980050
0.29403505667325813278
0.29403506166449372428
0.29403506664137091242
0.29403507160394976028
0.29403507655229205175
0.29403508148645873810
0.29403508640651238037
0.29403509131251165387
0.29403509620451745432
0.29403510108258901212
0.29403510594678616830
0.29403511079716820875
0.29403511563379364224
0.29403512045672069997
0.29403512526600755761
0.29403513006171272393
0.29403513484389248722
0.29403513961260502318
0.29403514436790645359
0.29403514910985401043
0.29403515383850309384
0.29403515855390927047
0.29403516325612899518
0.29403516794521700195
0.29403517262122852438
0.29403517728421790789
0.29403518193423944238
0.29403518657134786185
0.29403519119559567985
0.29403519580703701974
0.29403520040572478367
0.29403520499171226232
0.29403520956505141415
0.29403521412579486372
0.29403521867399390333
0.29403522320970143511
0.29403522773296780768
0.29403523224384442436
0.29403523674238213337
0.29403524122863139434
0.29403524570264311100
0.29403525016446652174
0.29403525461415108699
0.29403525905174732191
0.29403526347730352120
0.29403526789086931181
0.29403527229249282193
0.29403527668222267932
0.29403528106010662357
0.29403528542619317143
0.29403528978052972942
0.29403529412316309344
0.29403529845414116961
0.29403530277351047628
0.29403530708131786486
0.29403531137760929859
0.29403531566243051865
0.29403531993582854298
0.29403532419784833563
0.29403532844853447203
0.29403533268793424771
0.29403533691608996214
0.29403534113304824471
0.29403534533885283819
0.29403534953354748538
0.29403535371717626212
0.29403535788978379939
0.29403536205141295179
0.29403536620210651842
0.29403537034190818655
0.29403537447086069978
0.29403537858900602453
0.29403538269638723746
0.29403538679304641601
0.29403539087902530458
0.29403539495436542550
0.29403539901910841214
0.29403540307329589787
0.29403540711696879439
0.29403541115016756935
0.29403541517293269036
0.29403541918530518018
0.29403542318732556193
0.29403542717903213832
0.29403543116046687578
0.29403543513166807699
0.29403543909267515488
0.29403544304352829952
0.29403544698426509196
0.29403545091492488961
0.29403545483554732742
0.29403545874616887623
0.29403546264682961509
0.29403546653756618134
0.29403547041841648912
0.29403547428941895214
0.29403547815061070736
0.29403548200202911378
0.29403548584371042018
0.29403548967569209660
0.29403549349801116897
0.29403549731070371953
0.29403550111380544196
0.29403550490735369527
0.29403550869138361801
0.29403551246593168100
0.29403551623103246770
0.29403551998672211587
0.29403552373303587508
0.29403552747000855083
0.29403553119767444901
0.29403553491606970738
0.29403553862522768814
0.29403554232518303024
0.29403554601597003959
0.29403554969762285554
0.29403555337017495130
0.29403555703366024421
0.29403556068811259605
0.29403556433356498045
0.29403556797005081513
0.29403557159760290718
0.29403557521625367510
0.29403557882603698070
0.29403558242698446534
0.29403558601912915815
0.29403558960250264498
0.29403559317713717780
0.29403559674306484206
0.29403560030031733463
0.29403560384892679647
0.29403560738892353665
0.29403561092033964064
0.29403561444320597262
0.29403561795755356334
0.29403562146341399863
0.29403562496081697697
0.29403562844979330704
0.29403563193037346446
0.29403563540258803588
0.29403563886646671977
0.29403564232203943662
0.29403564576933660657
0.29403564920838715091
0.29403565263922110118
0.29403565606186760073
0.29403565947635601496
0.29403566288271582030
0.29403566628097577151
0.29403566967116395725
0.29403567305331040904
0.29403567642744266042
0.29403567979358963269
0.29403568315177941450
0.29403568650204042756
0.29403568984440009437
0.29403569317888761381
0.29403569650552902059
0.29403569982435401320
0.29403570313538818226
0.29403570643865950540
0.29403570973419612677
0.29403571302202419213
0.29403571630217112398
0.29403571957466306808
0.29403572283952794653
0.29403572609679151650
0.29403572934648081194
0.29403573258862186757
0.29403573582324132873
0.29403573905036484160
0.29403574227001783026
0.29403574548222810581
0.29403574868701992662
0.29403575188441988253
0.29403575507445256498
0.29403575825714339809
0.29403576143251863861
0.29403576460060260045
0.29403576776142109628
0.29403577091499794038
0.29403577406135961159
0.29403577720052925804
0.29403578033253241486
0.29403578345739328492
0.29403578657513657069
0.29403578968578608643
0.29403579278936636809
0.29403579588590100791
0.29403579897541509691
0.29403580205793045099
0.29403580513347304937
0.29403580820206515201
0.29403581126373062871
0.29403581431849240557
0.29403581736637507404
0.29403582040740050552
0.29403582344159240325
0.29403582646897369335
0.29403582948956719090
0.29403583250339615507
0.29403583551048256828
0.29403583851084963419
0.29403584150451900214
0.29403584449151426439
0.29403584747185690373
0.29403585044556873607
0.29403585341267285402
0.29403585637319068491
0.29403585932714398909
0.29403586227455508206
0.29403586521544516907
0.29403586814983634357
0.29403587107774964426
0.29403587399920649847
0.29403587691422833350
0.29403587982283652114
0.29403588272505265522
0.29403588562089677527
0.29403588851039047514
0.29403589139355362780
0.29403589427040865978
0.29403589714097544405
0.29403590000527407566
0.29403590286332564885
0.29403590571515003660
0.29403590856076877724
0.29403591140020046701
0.29403591423346664424
0.29403591706058618271
0.29403591988157962156
0.29403592269646727786
0.29403592550526796989
0.29403592830800234781
0.29403593110468939642
0.29403593389534898872
0.29403593668000016503
0.29403593945866340897
0.29403594223135648411
0.29403594499809909690
0.29403594775891117585
0.29403595051381103964
0.29403595326281761757
0.29403595600594972792
0.29403595874322691062
0.29403596147466676269
0.29403596420028926817
0.29403596692011174651
0.29403596963415329357
0.29403597234243211700
0.29403597504496670201
0.29403597774177553381
0.29403598043287609842
0.29403598311828649248
0.29403598579802542323
0.29403598847211109835
0.29403599114055978259
0.29403599380339112690
0.29403599646062167361
0.29403599911226885322
0.29403600175835103991
0.29403600439888560869
0.29403600703388987903
0.29403600966338083733
0.29403601228737613615
0.29403601490589309497
0.29403601751894836713
0.29403602012655921660
0.29403602272874290735
0.29403602532551570414
0.29403602791689553708
0.29403603050289839338
0.29403603308354087087
0.29403603565884006699
0.29403603822881213548
0.29403604079347372968
0.29403604335284150295
0.29403604590693155352
0.29403604845576042370
0.29403605099934393419
0.29403605353769912689
0.29403605607084098983
0.29403605859878589879
0.29403606112154989649
0.29403606363914985833
0.29403606615159977311
0.29403606865891690481
0.29403607116111579733
0.29403607365821321507
0.29403607615022397948
0.29403607863716441084
0.29403608111904883105
0.29403608359589311627
0.29403608606771303169
0.29403608853452345429
0.29403609099633931656
0.29403609345317649471
0.29403609590504975468
0.29403609835197336286
0.29403610079396341748
0.29403610323103401836
0.29403610566320059760
0.29403610809047753261
0.29403611051287981137
0.29403611293042164476
0.29403611534311840936
0.29403611775098337233
0.29403612015403263191
0.29403612255227945527
0.29403612494573844183
0.29403612733442419103
0.29403612971835085821
0.29403613209753226565
0.29403613447198295727
0.29403613684171731046
0.29403613920674848137
0.29403614156709134697
0.29403614392275895240
0.29403614627376600810
0.29403614862012589226
0.29403615096185198308
0.29403615329895871344
0.29403615563146012768
0.29403615795936854926
0.29403616028269802252
0.29403616260146209216
0.29403616491567435842
0.29403616722534764438
0.29403616953049588334
0.29403617183113234246
0.29403617412726990032
0.29403617641892226819
0.29403617870610165852
0.29403618098882178256
0.29403618326709540787
0.29403618554093619020
0.29403618781035595342
0.29403619007536813124
0.29403619233598587979
0.29403619459222157806
0.29403619684408771606
0.29403619909159750545
0.29403620133476338072
0.29403620357359716575
0.29403620580811246077
0.29403620803832131170
0.29403621026423643059
0.29403621248586941928
0.29403621470323332288
0.29403621691634057589
0.29403621912520266912
0.29403622132983237014
0.29403622353024155833
0.29403622572644239064
0.29403622791844702400
0.29403623010626744883
0.29403623228991532246
0.29403623446940335695
0.29403623664474209942
0.29403623881594465050
0.29403624098302205692
0.29403624314598630907
0.29403624530484923083
0.29403624745962225751
0.29403624961031676888
0.29403625175694453331
0.29403625389951759672
0.29403625603804645072
0.29403625817254341879
0.29403626030301921457
0.29403626242948616154
0.29403626455195408518
0.29403626667043530896
0.29403626878494104613
0.29403627089548134421
0.29403627300206913731
0.29403627510471375128
0.29403627720342750962
0.29403627929822057085
0.29403628138910470335
0.29403628347609023219
0.29403628555918825960
0.29403628763840938820
0.29403628971376488677
0.29403629178526469179
0.29403629385292073817
0.29403629591674257382
0.29403629797674196711
0.29403630003292802186
0.29403630208531261747
0.29403630413390557941
0.29403630617871823194
0.29403630821975962339
0.29403631025704157764
0.29403631229057375363
0.29403631432036675397
0.29403631634643001558
0.29403631836877497374
0.29403632038741112087
0.29403632240234933715
0.29403632441359894845
0.29403632642117061291
0.29403632842507387846
0.29403633042531929220
0.29403633242191695718
0.29403633441487669886
0.29403633640420784312
0.29403633838992115912
0.29403634037202541762
0.29403634235053188739
0.29403634432544883959
0.29403634629678698786
0.29403634826455626872
0.29403635022876539740
0.29403635218942519858
0.29403635414654366587
0.29403635610013179047
0.29403635805019856519
0.29403635999675359347
0.29403636193980636770
0.29403636387936604724
0.29403636581544217998
0.29403636774804470244
0.29403636967718238537
0.29403637160286411056
0.29403637352510025860
0.29403637544389910063
0.29403637735926940744
0.29403637927122217022
0.29403638117976543809
0.29403638308490781528
0.29403638498665923828
0.29403638688502847787
0.29403638878002447132
0.29403639067165593390
0.29403639255993241353
0.29403639444486201482
0.29403639632645417468
0.29403639820471777488
0.29403640007966158620
0.29403640195129404633
0.29403640381962475869
0.29403640568466105076
0.29403640754641346966
0.29403640940488884326
0.29403641126009649742
0.29403641311204559150
0.29403641496074406358
0.29403641680620085097
0.29403641864842405829
0.29403642048742306692
0.29403642232320464922
0.29403642415577851965
0.29403642598515289386
0.29403642781133576545
0.29403642963433579416
0.29403643145416163973
0.29403643327082040759
0.29403643508432147913
0.29403643689467301447
0.29403643870188206355
0.29403644050595850734
0.29403644230690884065
0.29403644410474211179
0.29403644589946609234
0.29403644769108927548
0.29403644947961893319
0.29403645126506405827
0.29403645304743147859
0.29403645482672968736
0.29403645660296706676
0.29403645837615016712
0.29403646014628859184
0.29403646191338889126
0.29403646367745900347
0.29403646543850747719
0.29403646719654169539
0.29403646895156870800
0.29403647070359700821
0.29403647245263425658
0.29403647419868722546
0.29403647594176463009
0.29403647768187335387
0.29403647941902133489
0.29403648115321662226
0.29403648288446537773
0.29403648461277587245
0.29403648633815571145
0.29403648806061188914
0.29403648978015239912
0.29403649149678423580
0.29403649321051456011
0.29403649492135169874
0.29403649662930136932
0.29403649833437284222
0.29403650003657155754
0.29403650173590545336
0.29403650343238191267
0.29403650512600815192
0.29403650681679127654
0.29403650850473800338
0.29403651018985643706
0.29403651187215223972
0.29403651355163423764
0.29403651522830792642
0.29403651690218074455
0.29403651857326112973
0.29403652024155330080
0.29403652190706669467
0.29403652356980691795
0.29403652522978168671
0.29403652688699716267
0.29403652854146056228
0.29403653019317871342
0.29403653184215833294
0.29403653348840630422
0.29403653513192973268
0.29403653677273494660
0.29403653841082866283
0.29403654004621726514
0.29403654167890819204
0.29403654330890804935
0.29403654493622305433
0.29403654656085970176
0.29403654818282548566
0.29403654980212601266
0.29403655141876761103
0.29403655303275827437
0.29403655464410327625
0.29403655625281011066
0.29403655785888366259
0.29403655946233181462
0.29403656106316067298
0.29403656266137623287
0.29403656425698521115
0.29403656584999365853
0.29403656744040829185
0.29403656902823571695
0.29403657061348115187
0.29403657219615186857
0.29403657377625386227
0.29403657535379323917
0.29403657692877660512
0.29403657850120934469
0.29403658007109784167
0.29403658163844953455
0.29403658320326908626
0.29403658476556332468
0.29403658632533796746
0.29403658788259917634
0.29403658943735372366
0.29403659098960638341
0.29403659253936448303
0.29403659408663279651
0.29403659563141820721
0.29403659717372615523
0.29403659871356346844
0.29403660025093475427
0.29403660178584689611
0.29403660331830550057
0.29403660484831639632
0.29403660637588541205
0.29403660790101804334
0.29403660942372156217
0.29403661094399935472
0.29403661246185974765
0.29403661397730707083
0.29403661549034681988
0.29403661700098532306
0.29403661850922835352
0.29403662001508096280
0.29403662151854970119
0.29403662301963978676
0.29403662451835682612
0.29403662601470642590
0.29403662750869413722
0.29403662900032540017
0.29403663048960659854
0.29403663197654211769
0.29403663346113884103
0.29403663494340032125
0.29403663642333410788
0.29403663790094453079
0.29403663937623725211
0.29403664084921765642
0.29403664231989157241
0.29403664378826405157
0.29403664525434075605
0.29403664671812634879
0.29403664817962726907
0.29403664963884779127
0.29403665109579402159
0.29403665255047084504
0.29403665400288353515
0.29403665545303786510
0.29403665690093871987
0.29403665834659126199
0.29403665979000093156
0.29403666123117261355
0.29403666267011185909
0.29403666410682394172
0.29403666554131313582
0.29403666697358615822
0.29403666840364650614
0.29403666983150023029
0.29403667125715193809
0.29403667268060745821
0.29403667410187156461
0.29403667552094892024
0.29403667693784424353
0.29403667835256386276
0.29403667976511072002
0.29403668117549286443
0.29403668258371257194
0.29403668398977567122
0.29403668539368743584
0.29403668679545214015
0.29403668819507544629
0.29403668959256146209
0.29403669098791568315
0.29403669238114354956
0.29403669377224839199
0.29403669516123548400
0.29403669654811076528
0.29403669793287817713
0.29403669931554188288
0.29403670069610787774
0.29403670207458026953
0.29403670345096405425
0.29403670482526417240
0.29403670619748500936
0.29403670756763078398
0.29403670893570704736
0.29403671030171851797
0.29403671166566941464
0.29403671302756434480
0.29403671438740808242
0.29403671574520473531
0.29403671710096035419
0.29403671845467838075
0.29403671980636325589
0.29403672115601992010
0.29403672250365370244
0.29403672384926782257
0.29403672519286755405
0.29403672653445717122
0.29403672787404139255
0.29403672921162449239
0.29403673054721074509
0.29403673188080514667
0.29403673321241163841
0.29403673454203516080
0.29403673586967937759
0.29403673719534978437
0.29403673851904993386
0.29403673984078421144
0.29403674116055755761
0.29403674247837408018
0.29403674379423772045
0.29403674510815303034
0.29403674642012528340
0.29403674773015692212
0.29403674903825416376
0.29403675034441945080
0.29403675164865850089
0.29403675295097447817
0.29403675425137287824
0.29403675554985714280
0.29403675684643115762
0.29403675814110019626
0.29403675943386753389
0.29403676072473727832
0.29403676201371464760
0.29403676330080247281
0.29403676458600547239
0.29403676586932797621
0.29403676715077453618
0.29403676843034814992
0.29403676970805370239
0.29403677098389446876
0.29403677225787550054
0.29403677353000051697
0.29403677480027373692
0.29403677606869838002
0.29403677733527894267
0.29403677860002030986
0.29403677986292492408
0.29403678112399755928
0.29403678238324260086
0.29403678364066321294
0.29403678489626428050
0.29403678615004907870
0.29403678740202132680
0.29403678865218535465
0.29403678990054510356
0.29403679114710462583
0.29403679239186736316
0.29403679363483686826
0.29403679487601797060
0.29403679611541427841
0.29403679735302939990
0.29403679858886672127
0.29403679982293096096
0.29403680105522511656
0.29403680228575368449
0.29403680351452049502
0.29403680474152871227
0.29403680596678199999
0.29403680719028452151
0.29403680841204071772
0.29403680963205292009
0.29403681085032579157
0.29403681206686244076
0.29403681328166719755
0.29403681449474344811
0.29403681570609474516
0.29403681691572541856
0.29403681812363768877
0.29403681932983671832
0.29403682053432572685
0.29403682173710748993
0.29403682293818700355
0.29403682413756704328
0.29403682533525143938
0.29403682653124335600
0.29403682772554640135
0.29403682891816523837
0.29403683010910247608
0.29403683129836150068
0.29403683248594653099
0.29403683367186000952
0.29403683485610720982
0.29403683603869013030
0.29403683721961282327
0.29403683839887861939
0.29403683957649079384
0.29403684075245412055
0.29403684192676993181
0.29403684309944372322
0.29403684427047682703
0.29403684543987534949
0.29403684660764023429
0.29403684777377631088
0.29403684893828607727
0.29403685010117380783
0.29403685126244211157
0.29403685242209531836
0.29403685358013564866
0.29403685473656732130
0.29403685589139372247
0.29403685704461685058
0.29403685819624192366
0.29403685934627071807
0.29403686049470767472
0.29403686164155529159
0.29403686278681806510
0.29403686393049749404
0.29403686507259785277
0.29403686621312230542
0.29403686735207440472
0.29403686848945659316
0.29403686962527342263
0.29403687075952644747
0.29403687189222016407
0.29403687302335701492
0.29403687415294088581
0.29403687528097444126
